1 0.0000 0.0000 0.0000
2 1.7387 0.4659 0.0000
3 1.8000 0.0000 0.0000
4 0.0000 0.0000 0.5000
5 1.8000 0.0000 0.5000
6 1.7387 0.4659 0.5000
7 1.8000 0.0000 0.0000
8 1.7387 0.4659 0.0000
9 1.7387 0.4659 0.5000
10 1.8000 0.0000 0.5000
11 0.0000 0.0000 0.0000
12 1.5588 0.9000 0.0000
13 1.7387 0.4659 0.0000
14 0.0000 0.0000 0.5000
15 1.7387 0.4659 0.5000
16 1.5588 0.9000 0.5000
17 1.7387 0.4659 0.0000
18 1.5588 0.9000 0.0000
19 1.5588 0.9000 0.5000
20 1.7387 0.4659 0.5000
21 0.0000 0.0000 0.0000
22 1.2728 1.2728 0.0000
23 1.5588 0.9000 0.0000
24 0.0000 0.0000 0.5000
25 1.5588 0.9000 0.5000
26 1.2728 1.2728 0.5000
27 1.5588 0.9000 0.0000
28 1.2728 1.2728 0.0000
29 1.2728 1.2728 0.5000
30 1.5588 0.9000 0.5000
31 0.0000 0.0000 0.0000
32 0.9000 1.5588 0.0000
33 1.2728 1.2728 0.0000
34 0.0000 0.0000 0.5000
35 1.2728 1.2728 0.5000
36 0.9000 1.5588 0.5000
37 1.2728 1.2728 0.0000
38 0.9000 1.5588 0.0000
39 0.9000 1.5588 0.5000
40 1.2728 1.2728 0.5000
41 0.0000 0.0000 0.0000
42 0.4659 1.7387 0.0000
43 0.9000 1.5588 0.0000
44 0.0000 0.0000 0.5000
45 0.9000 1.5588 0.5000
46 0.4659 1.7387 0.5000
47 0.9000 1.5588 0.0000
48 0.4659 1.7387 0.0000
49 0.4659 1.7387 0.5000
50 0.9000 1.5588 0.5000
51 0.0000 0.0000 0.0000
52 0.0000 1.8000 0.0000
53 0.4659 1.7387 0.0000
54 0.0000 0.0000 0.5000
55 0.4659 1.7387 0.5000
56 0.0000 1.8000 0.5000
57 0.4659 1.7387 0.0000
58 0.0000 1.8000 0.0000
59 0.0000 1.8000 0.5000
60 0.4659 1.7387 0.5000
61 0.0000 0.0000 0.0000
62 -0.4659 1.7387 0.0000
63 0.0000 1.8000 0.0000
64 0.0000 0.0000 0.5000
65 0.0000 1.8000 0.5000
66 -0.4659 1.7387 0.5000
67 0.0000 1.8000 0.0000
68 -0.4659 1.7387 0.0000
69 -0.4659 1.7387 0.5000
70 0.0000 1.8000 0.5000
71 0.0000 0.0000 0.0000
72 -0.9000 1.5588 0.0000
73 -0.4659 1.7387 0.0000
74 0.0000 0.0000 0.5000
75 -0.4659 1.7387 0.5000
76 -0.9000 1.5588 0.5000
77 -0.4659 1.7387 0.0000
78 -0.9000 1.5588 0.0000
79 -0.9000 1.5588 0.5000
80 -0.4659 1.7387 0.5000
81 0.0000 0.0000 0.0000
82 -1.2728 1.2728 0.0000
83 -0.9000 1.5588 0.0000
84 0.0000 0.0000 0.5000
85 -0.9000 1.5588 0.5000
86 -1.2728 1.2728 0.5000
87 -0.9000 1.5588 0.0000
88 -1.2728 1.2728 0.0000
89 -1.2728 1.2728 0.5000
90 -0.9000 1.5588 0.5000
91 0.0000 0.0000 0.0000
92 -1.5588 0.9000 0.0000
93 -1.2728 1.2728 0.0000
94 0.0000 0.0000 0.5000
95 -1.2728 1.2728 0.5000
96 -1.5588 0.9000 0.5000
97 -1.2728 1.2728 0.0000
98 -1.5588 0.9000 0.0000
99 -1.5588 0.9000 0.5000
100 -1.2728 1.2728 0.5000
101 0.0000 0.0000 0.0000
102 -1.7387 0.4659 0.0000
103 -1.5588 0.9000 0.0000
104 0.0000 0.0000 0.5000
105 -1.5588 0.9000 0.5000
106 -1.7387 0.4659 0.5000
107 -1.5588 0.9000 0.0000
108 -1.7387 0.4659 0.0000
109 -1.7387 0.4659 0.5000
110 -1.5588 0.9000 0.5000
111 0.0000 0.0000 0.0000
112 -1.8000 0.0000 0.0000
113 -1.7387 0.4659 0.0000
114 0.0000 0.0000 0.5000
115 -1.7387 0.4659 0.5000
116 -1.8000 0.0000 0.5000
117 -1.7387 0.4659 0.0000
118 -1.8000 0.0000 0.0000
119 -1.8000 0.0000 0.5000
120 -1.7387 0.4659 0.5000
121 0.0000 0.0000 0.0000
122 -1.7387 -0.4659 0.0000
123 -1.8000 0.0000 0.0000
124 0.0000 0.0000 0.5000
125 -1.8000 0.0000 0.5000
126 -1.7387 -0.4659 0.5000
127 -1.8000 0.0000 0.0000
128 -1.7387 -0.4659 0.0000
129 -1.7387 -0.4659 0.5000
130 -1.8000 0.0000 0.5000
131 0.0000 0.0000 0.0000
132 -1.5588 -0.9000 0.0000
133 -1.7387 -0.4659 0.0000
134 0.0000 0.0000 0.5000
135 -1.7387 -0.4659 0.5000
136 -1.5588 -0.9000 0.5000
137 -1.7387 -0.4659 0.0000
138 -1.5588 -0.9000 0.0000
139 -1.5588 -0.9000 0.5000
140 -1.7387 -0.4659 0.5000
141 0.0000 0.0000 0.0000
142 -1.2728 -1.2728 0.0000
143 -1.5588 -0.9000 0.0000
144 0.0000 0.0000 0.5000
145 -1.5588 -0.9000 0.5000
146 -1.2728 -1.2728 0.5000
147 -1.5588 -0.9000 0.0000
148 -1.2728 -1.2728 0.0000
149 -1.2728 -1.2728 0.5000
150 -1.5588 -0.9000 0.5000
151 0.0000 0.0000 0.0000
152 -0.9000 -1.5588 0.0000
153 -1.2728 -1.2728 0.0000
154 0.0000 0.0000 0.5000
155 -1.2728 -1.2728 0.5000
156 -0.9000 -1.5588 0.5000
157 -1.2728 -1.2728 0.0000
158 -0.9000 -1.5588 0.0000
159 -0.9000 -1.5588 0.5000
160 -1.2728 -1.2728 0.5000
161 0.0000 0.0000 0.0000
162 -0.4659 -1.7387 0.0000
163 -0.9000 -1.5588 0.0000
164 0.0000 0.0000 0.5000
165 -0.9000 -1.5588 0.5000
166 -0.4659 -1.7387 0.5000
167 -0.9000 -1.5588 0.0000
168 -0.4659 -1.7387 0.0000
169 -0.4659 -1.7387 0.5000
170 -0.9000 -1.5588 0.5000
171 0.0000 0.0000 0.0000
172 -0.0000 -1.8000 0.0000
173 -0.4659 -1.7387 0.0000
174 0.0000 0.0000 0.5000
175 -0.4659 -1.7387 0.5000
176 -0.0000 -1.8000 0.5000
177 -0.4659 -1.7387 0.0000
178 -0.0000 -1.8000 0.0000
179 -0.0000 -1.8000 0.5000
180 -0.4659 -1.7387 0.5000
181 0.0000 0.0000 0.0000
182 0.4659 -1.7387 0.0000
183 -0.0000 -1.8000 0.0000
184 0.0000 0.0000 0.5000
185 -0.0000 -1.8000 0.5000
186 0.4659 -1.7387 0.5000
187 -0.0000 -1.8000 0.0000
188 0.4659 -1.7387 0.0000
189 0.4659 -1.7387 0.5000
190 -0.0000 -1.8000 0.5000
191 0.0000 0.0000 0.0000
192 0.9000 -1.5588 0.0000
193 0.4659 -1.7387 0.0000
194 0.0000 0.0000 0.5000
195 0.4659 -1.7387 0.5000
196 0.9000 -1.5588 0.5000
197 0.4659 -1.7387 0.0000
198 0.9000 -1.5588 0.0000
199 0.9000 -1.5588 0.5000
200 0.4659 -1.7387 0.5000
201 0.0000 0.0000 0.0000
202 1.2728 -1.2728 0.0000
203 0.9000 -1.5588 0.0000
204 0.0000 0.0000 0.5000
205 0.9000 -1.5588 0.5000
206 1.2728 -1.2728 0.5000
207 0.9000 -1.5588 0.0000
208 1.2728 -1.2728 0.0000
209 1.2728 -1.2728 0.5000
210 0.9000 -1.5588 0.5000
211 0.0000 0.0000 0.0000
212 1.5588 -0.9000 0.0000
213 1.2728 -1.2728 0.0000
214 0.0000 0.0000 0.5000
215 1.2728 -1.2728 0.5000
216 1.5588 -0.9000 0.5000
217 1.2728 -1.2728 0.0000
218 1.5588 -0.9000 0.0000
219 1.5588 -0.9000 0.5000
220 1.2728 -1.2728 0.5000
221 0.0000 0.0000 0.0000
222 1.7387 -0.4659 0.0000
223 1.5588 -0.9000 0.0000
224 0.0000 0.0000 0.5000
225 1.5588 -0.9000 0.5000
226 1.7387 -0.4659 0.5000
227 1.5588 -0.9000 0.0000
228 1.7387 -0.4659 0.0000
229 1.7387 -0.4659 0.5000
230 1.5588 -0.9000 0.5000
231 0.0000 0.0000 0.0000
232 1.8000 -0.0000 0.0000
233 1.7387 -0.4659 0.0000
234 0.0000 0.0000 0.5000
235 1.7387 -0.4659 0.5000
236 1.8000 -0.0000 0.5000
237 1.7387 -0.4659 0.0000
238 1.8000 -0.0000 0.0000
239 1.8000 -0.0000 0.5000
240 1.7387 -0.4659 0.5000
241 0.0000 0.0000 0.0000
242 0.0000 3.5000 0.0000
243 -1.8000 3.5000 0.0000
244 -1.8000 0.0000 0.0000
245 0.0000 0.0000 0.5000
246 -1.8000 0.0000 0.5000
247 -1.8000 3.5000 0.5000
248 0.0000 3.5000 0.5000
249 0.0000 0.0000 0.0000
250 0.0000 0.0000 0.5000
251 0.0000 3.5000 0.5000
252 0.0000 3.5000 0.0000
253 -1.8000 0.0000 0.0000
254 -1.8000 3.5000 0.0000
255 -1.8000 3.5000 0.5000
256 -1.8000 0.0000 0.5000
257 0.0000 3.5000 0.0000
258 0.0000 7.5000 0.0000
259 -0.4000 7.5000 0.0000
260 -1.8000 3.5000 0.0000
261 0.0000 3.5000 0.5000
262 -1.8000 3.5000 0.5000
263 -0.4000 7.5000 0.5000
264 0.0000 7.5000 0.5000
265 0.0000 3.5000 0.0000
266 0.0000 3.5000 0.5000
267 0.0000 7.5000 0.5000
268 0.0000 7.5000 0.0000
269 -1.8000 3.5000 0.0000
270 -0.4000 7.5000 0.0000
271 -0.4000 7.5000 0.5000
272 -1.8000 3.5000 0.5000
273 0.0000 7.5000 0.0000
274 0.0000 7.5000 0.5000
275 -0.4000 7.5000 0.5000
276 -0.4000 7.5000 0.0000
277 0.0000 4.0000 0.0000
278 0.0000 4.0000 0.5000
279 0.2000 4.2000 0.5000
280 0.2000 4.2000 0.0000
281 0.2000 4.2000 0.0000
282 0.2000 4.2000 0.5000
283 0.0000 4.4000 0.5000
284 0.0000 4.4000 0.0000
285 0.0000 4.5000 0.0000
286 0.0000 4.5000 0.5000
287 0.2000 4.7000 0.5000
288 0.2000 4.7000 0.0000
289 0.2000 4.7000 0.0000
290 0.2000 4.7000 0.5000
291 0.0000 4.9000 0.5000
292 0.0000 4.9000 0.0000
293 0.0000 5.0000 0.0000
294 0.0000 5.0000 0.5000
295 0.2000 5.2000 0.5000
296 0.2000 5.2000 0.0000
297 0.2000 5.2000 0.0000
298 0.2000 5.2000 0.5000
299 0.0000 5.4000 0.5000
300 0.0000 5.4000 0.0000
301 0.0000 5.5000 0.0000
302 0.0000 5.5000 0.5000
303 0.2000 5.7000 0.5000
304 0.2000 5.7000 0.0000
305 0.2000 5.7000 0.0000
306 0.2000 5.7000 0.5000
307 0.0000 5.9000 0.5000
308 0.0000 5.9000 0.0000
309 0.0000 6.0000 0.0000
310 0.0000 6.0000 0.5000
311 0.2000 6.2000 0.5000
312 0.2000 6.2000 0.0000
313 0.2000 6.2000 0.0000
314 0.2000 6.2000 0.5000
315 0.0000 6.4000 0.5000
316 0.0000 6.4000 0.0000
Faces:
1 2 3 .
4 5 6 .
7 8 9 10 .
11 12 13 .
14 15 16 .
17 18 19 20 .
21 22 23 .
24 25 26 .
27 28 29 30 .
31 32 33 .
34 35 36 .
37 38 39 40 .
41 42 43 .
44 45 46 .
47 48 49 50 .
51 52 53 .
54 55 56 .
57 58 59 60 .
61 62 63 .
64 65 66 .
67 68 69 70 .
71 72 73 .
74 75 76 .
77 78 79 80 .
81 82 83 .
84 85 86 .
87 88 89 90 .
91 92 93 .
94 95 96 .
97 98 99 100 .
101 102 103 .
104 105 106 .
107 108 109 110 .
111 112 113 .
114 115 116 .
117 118 119 120 .
121 122 123 .
124 125 126 .
127 128 129 130 .
131 132 133 .
134 135 136 .
137 138 139 140 .
141 142 143 .
144 145 146 .
147 148 149 150 .
151 152 153 .
154 155 156 .
157 158 159 160 .
161 162 163 .
164 165 166 .
167 168 169 170 .
171 172 173 .
174 175 176 .
177 178 179 180 .
181 182 183 .
184 185 186 .
187 188 189 190 .
191 192 193 .
194 195 196 .
197 198 199 200 .
201 202 203 .
204 205 206 .
207 208 209 210 .
211 212 213 .
214 215 216 .
217 218 219 220 .
221 222 223 .
224 225 226 .
227 228 229 230 .
231 232 233 .
234 235 236 .
237 238 239 240 .
241 242 243 244 .
245 246 247 248 .
249 250 251 252 .
253 254 255 256 .
257 258 259 260 .
261 262 263 264 .
265 266 267 268 .
269 270 271 272 .
273 274 275 276 .
277 278 279 280 .
281 282 283 284 .
285 286 287 288 .
289 290 291 292 .
293 294 295 296 .
297 298 299 300 .
301 302 303 304 .
305 306 307 308 .
309 310 311 312 .
313 314 315 316 .
