1 0.0000 0.0000 -0.5000
2 1.7387 0.4659 -0.5000
3 1.8000 0.0000 -0.5000
4 0.0000 0.0000 0.0000
5 1.8000 0.0000 0.0000
6 1.7387 0.4659 0.0000
7 1.8000 0.0000 -0.5000
8 1.7387 0.4659 -0.5000
9 1.7387 0.4659 0.0000
10 1.8000 0.0000 0.0000
11 0.0000 0.0000 -0.5000
12 1.5588 0.9000 -0.5000
13 1.7387 0.4659 -0.5000
14 0.0000 0.0000 0.0000
15 1.7387 0.4659 0.0000
16 1.5588 0.9000 0.0000
17 1.7387 0.4659 -0.5000
18 1.5588 0.9000 -0.5000
19 1.5588 0.9000 0.0000
20 1.7387 0.4659 0.0000
21 0.0000 0.0000 -0.5000
22 1.2728 1.2728 -0.5000
23 1.5588 0.9000 -0.5000
24 0.0000 0.0000 0.0000
25 1.5588 0.9000 0.0000
26 1.2728 1.2728 0.0000
27 1.5588 0.9000 -0.5000
28 1.2728 1.2728 -0.5000
29 1.2728 1.2728 0.0000
30 1.5588 0.9000 0.0000
31 0.0000 0.0000 -0.5000
32 0.9000 1.5588 -0.5000
33 1.2728 1.2728 -0.5000
34 0.0000 0.0000 0.0000
35 1.2728 1.2728 0.0000
36 0.9000 1.5588 0.0000
37 1.2728 1.2728 -0.5000
38 0.9000 1.5588 -0.5000
39 0.9000 1.5588 0.0000
40 1.2728 1.2728 0.0000
41 0.0000 0.0000 -0.5000
42 0.4659 1.7387 -0.5000
43 0.9000 1.5588 -0.5000
44 0.0000 0.0000 0.0000
45 0.9000 1.5588 0.0000
46 0.4659 1.7387 0.0000
47 0.9000 1.5588 -0.5000
48 0.4659 1.7387 -0.5000
49 0.4659 1.7387 0.0000
50 0.9000 1.5588 0.0000
51 0.0000 0.0000 -0.5000
52 0.0000 1.8000 -0.5000
53 0.4659 1.7387 -0.5000
54 0.0000 0.0000 0.0000
55 0.4659 1.7387 0.0000
56 0.0000 1.8000 0.0000
57 0.4659 1.7387 -0.5000
58 0.0000 1.8000 -0.5000
59 0.0000 1.8000 0.0000
60 0.4659 1.7387 0.0000
61 0.0000 0.0000 -0.5000
62 -0.4659 1.7387 -0.5000
63 0.0000 1.8000 -0.5000
64 0.0000 0.0000 0.0000
65 0.0000 1.8000 0.0000
66 -0.4659 1.7387 0.0000
67 0.0000 1.8000 -0.5000
68 -0.4659 1.7387 -0.5000
69 -0.4659 1.7387 0.0000
70 0.0000 1.8000 0.0000
71 0.0000 0.0000 -0.5000
72 -0.9000 1.5588 -0.5000
73 -0.4659 1.7387 -0.5000
74 0.0000 0.0000 0.0000
75 -0.4659 1.7387 0.0000
76 -0.9000 1.5588 0.0000
77 -0.4659 1.7387 -0.5000
78 -0.9000 1.5588 -0.5000
79 -0.9000 1.5588 0.0000
80 -0.4659 1.7387 0.0000
81 0.0000 0.0000 -0.5000
82 -1.2728 1.2728 -0.5000
83 -0.9000 1.5588 -0.5000
84 0.0000 0.0000 0.0000
85 -0.9000 1.5588 0.0000
86 -1.2728 1.2728 0.0000
87 -0.9000 1.5588 -0.5000
88 -1.2728 1.2728 -0.5000
89 -1.2728 1.2728 0.0000
90 -0.9000 1.5588 0.0000
91 0.0000 0.0000 -0.5000
92 -1.5588 0.9000 -0.5000
93 -1.2728 1.2728 -0.5000
94 0.0000 0.0000 0.0000
95 -1.2728 1.2728 0.0000
96 -1.5588 0.9000 0.0000
97 -1.2728 1.2728 -0.5000
98 -1.5588 0.9000 -0.5000
99 -1.5588 0.9000 0.0000
100 -1.2728 1.2728 0.0000
101 0.0000 0.0000 -0.5000
102 -1.7387 0.4659 -0.5000
103 -1.5588 0.9000 -0.5000
104 0.0000 0.0000 0.0000
105 -1.5588 0.9000 0.0000
106 -1.7387 0.4659 0.0000
107 -1.5588 0.9000 -0.5000
108 -1.7387 0.4659 -0.5000
109 -1.7387 0.4659 0.0000
110 -1.5588 0.9000 0.0000
111 0.0000 0.0000 -0.5000
112 -1.8000 0.0000 -0.5000
113 -1.7387 0.4659 -0.5000
114 0.0000 0.0000 0.0000
115 -1.7387 0.4659 0.0000
116 -1.8000 0.0000 0.0000
117 -1.7387 0.4659 -0.5000
118 -1.8000 0.0000 -0.5000
119 -1.8000 0.0000 0.0000
120 -1.7387 0.4659 0.0000
121 0.0000 0.0000 -0.5000
122 -1.7387 -0.4659 -0.5000
123 -1.8000 0.0000 -0.5000
124 0.0000 0.0000 0.0000
125 -1.8000 0.0000 0.0000
126 -1.7387 -0.4659 0.0000
127 -1.8000 0.0000 -0.5000
128 -1.7387 -0.4659 -0.5000
129 -1.7387 -0.4659 0.0000
130 -1.8000 0.0000 0.0000
131 0.0000 0.0000 -0.5000
132 -1.5588 -0.9000 -0.5000
133 -1.7387 -0.4659 -0.5000
134 0.0000 0.0000 0.0000
135 -1.7387 -0.4659 0.0000
136 -1.5588 -0.9000 0.0000
137 -1.7387 -0.4659 -0.5000
138 -1.5588 -0.9000 -0.5000
139 -1.5588 -0.9000 0.0000
140 -1.7387 -0.4659 0.0000
141 0.0000 0.0000 -0.5000
142 -1.2728 -1.2728 -0.5000
143 -1.5588 -0.9000 -0.5000
144 0.0000 0.0000 0.0000
145 -1.5588 -0.9000 0.0000
146 -1.2728 -1.2728 0.0000
147 -1.5588 -0.9000 -0.5000
148 -1.2728 -1.2728 -0.5000
149 -1.2728 -1.2728 0.0000
150 -1.5588 -0.9000 0.0000
151 0.0000 0.0000 -0.5000
152 -0.9000 -1.5588 -0.5000
153 -1.2728 -1.2728 -0.5000
154 0.0000 0.0000 0.0000
155 -1.2728 -1.2728 0.0000
156 -0.9000 -1.5588 0.0000
157 -1.2728 -1.2728 -0.5000
158 -0.9000 -1.5588 -0.5000
159 -0.9000 -1.5588 0.0000
160 -1.2728 -1.2728 0.0000
161 0.0000 0.0000 -0.5000
162 -0.4659 -1.7387 -0.5000
163 -0.9000 -1.5588 -0.5000
164 0.0000 0.0000 0.0000
165 -0.9000 -1.5588 0.0000
166 -0.4659 -1.7387 0.0000
167 -0.9000 -1.5588 -0.5000
168 -0.4659 -1.7387 -0.5000
169 -0.4659 -1.7387 0.0000
170 -0.9000 -1.5588 0.0000
171 0.0000 0.0000 -0.5000
172 -0.0000 -1.8000 -0.5000
173 -0.4659 -1.7387 -0.5000
174 0.0000 0.0000 0.0000
175 -0.4659 -1.7387 0.0000
176 -0.0000 -1.8000 0.0000
177 -0.4659 -1.7387 -0.5000
178 -0.0000 -1.8000 -0.5000
179 -0.0000 -1.8000 0.0000
180 -0.4659 -1.7387 0.0000
181 0.0000 0.0000 -0.5000
182 0.4659 -1.7387 -0.5000
183 -0.0000 -1.8000 -0.5000
184 0.0000 0.0000 0.0000
185 -0.0000 -1.8000 0.0000
186 0.4659 -1.7387 0.0000
187 -0.0000 -1.8000 -0.5000
188 0.4659 -1.7387 -0.5000
189 0.4659 -1.7387 0.0000
190 -0.0000 -1.8000 0.0000
191 0.0000 0.0000 -0.5000
192 0.9000 -1.5588 -0.5000
193 0.4659 -1.7387 -0.5000
194 0.0000 0.0000 0.0000
195 0.4659 -1.7387 0.0000
196 0.9000 -1.5588 0.0000
197 0.4659 -1.7387 -0.5000
198 0.9000 -1.5588 -0.5000
199 0.9000 -1.5588 0.0000
200 0.4659 -1.7387 0.0000
201 0.0000 0.0000 -0.5000
202 1.2728 -1.2728 -0.5000
203 0.9000 -1.5588 -0.5000
204 0.0000 0.0000 0.0000
205 0.9000 -1.5588 0.0000
206 1.2728 -1.2728 0.0000
207 0.9000 -1.5588 -0.5000
208 1.2728 -1.2728 -0.5000
209 1.2728 -1.2728 0.0000
210 0.9000 -1.5588 0.0000
211 0.0000 0.0000 -0.5000
212 1.5588 -0.9000 -0.5000
213 1.2728 -1.2728 -0.5000
214 0.0000 0.0000 0.0000
215 1.2728 -1.2728 0.0000
216 1.5588 -0.9000 0.0000
217 1.2728 -1.2728 -0.5000
218 1.5588 -0.9000 -0.5000
219 1.5588 -0.9000 0.0000
220 1.2728 -1.2728 0.0000
221 0.0000 0.0000 -0.5000
222 1.7387 -0.4659 -0.5000
223 1.5588 -0.9000 -0.5000
224 0.0000 0.0000 0.0000
225 1.5588 -0.9000 0.0000
226 1.7387 -0.4659 0.0000
227 1.5588 -0.9000 -0.5000
228 1.7387 -0.4659 -0.5000
229 1.7387 -0.4659 0.0000
230 1.5588 -0.9000 0.0000
231 0.0000 0.0000 -0.5000
232 1.8000 -0.0000 -0.5000
233 1.7387 -0.4659 -0.5000
234 0.0000 0.0000 0.0000
235 1.7387 -0.4659 0.0000
236 1.8000 -0.0000 0.0000
237 1.7387 -0.4659 -0.5000
238 1.8000 -0.0000 -0.5000
239 1.8000 -0.0000 0.0000
240 1.7387 -0.4659 0.0000
241 0.0000 0.0000 0.0000
242 0.5196 0.3000 0.0000
243 0.6000 0.0000 0.0000
244 0.0000 0.0000 0.6000
245 0.6000 0.0000 0.6000
246 0.5196 0.3000 0.6000
247 0.6000 0.0000 0.0000
248 0.5196 0.3000 0.0000
249 0.5196 0.3000 0.6000
250 0.6000 0.0000 0.6000
251 0.0000 0.0000 0.0000
252 0.3000 0.5196 0.0000
253 0.5196 0.3000 0.0000
254 0.0000 0.0000 0.6000
255 0.5196 0.3000 0.6000
256 0.3000 0.5196 0.6000
257 0.5196 0.3000 0.0000
258 0.3000 0.5196 0.0000
259 0.3000 0.5196 0.6000
260 0.5196 0.3000 0.6000
261 0.0000 0.0000 0.0000
262 0.0000 0.6000 0.0000
263 0.3000 0.5196 0.0000
264 0.0000 0.0000 0.6000
265 0.3000 0.5196 0.6000
266 0.0000 0.6000 0.6000
267 0.3000 0.5196 0.0000
268 0.0000 0.6000 0.0000
269 0.0000 0.6000 0.6000
270 0.3000 0.5196 0.6000
271 0.0000 0.0000 0.0000
272 -0.3000 0.5196 0.0000
273 0.0000 0.6000 0.0000
274 0.0000 0.0000 0.6000
275 0.0000 0.6000 0.6000
276 -0.3000 0.5196 0.6000
277 0.0000 0.6000 0.0000
278 -0.3000 0.5196 0.0000
279 -0.3000 0.5196 0.6000
280 0.0000 0.6000 0.6000
281 0.0000 0.0000 0.0000
282 -0.5196 0.3000 0.0000
283 -0.3000 0.5196 0.0000
284 0.0000 0.0000 0.6000
285 -0.3000 0.5196 0.6000
286 -0.5196 0.3000 0.6000
287 -0.3000 0.5196 0.0000
288 -0.5196 0.3000 0.0000
289 -0.5196 0.3000 0.6000
290 -0.3000 0.5196 0.6000
291 0.0000 0.0000 0.0000
292 -0.6000 0.0000 0.0000
293 -0.5196 0.3000 0.0000
294 0.0000 0.0000 0.6000
295 -0.5196 0.3000 0.6000
296 -0.6000 0.0000 0.6000
297 -0.5196 0.3000 0.0000
298 -0.6000 0.0000 0.0000
299 -0.6000 0.0000 0.6000
300 -0.5196 0.3000 0.6000
301 0.0000 0.0000 0.0000
302 -0.5196 -0.3000 0.0000
303 -0.6000 0.0000 0.0000
304 0.0000 0.0000 0.6000
305 -0.6000 0.0000 0.6000
306 -0.5196 -0.3000 0.6000
307 -0.6000 0.0000 0.0000
308 -0.5196 -0.3000 0.0000
309 -0.5196 -0.3000 0.6000
310 -0.6000 0.0000 0.6000
311 0.0000 0.0000 0.0000
312 -0.3000 -0.5196 0.0000
313 -0.5196 -0.3000 0.0000
314 0.0000 0.0000 0.6000
315 -0.5196 -0.3000 0.6000
316 -0.3000 -0.5196 0.6000
317 -0.5196 -0.3000 0.0000
318 -0.3000 -0.5196 0.0000
319 -0.3000 -0.5196 0.6000
320 -0.5196 -0.3000 0.6000
321 0.0000 0.0000 0.0000
322 -0.0000 -0.6000 0.0000
323 -0.3000 -0.5196 0.0000
324 0.0000 0.0000 0.6000
325 -0.3000 -0.5196 0.6000
326 -0.0000 -0.6000 0.6000
327 -0.3000 -0.5196 0.0000
328 -0.0000 -0.6000 0.0000
329 -0.0000 -0.6000 0.6000
330 -0.3000 -0.5196 0.6000
331 0.0000 0.0000 0.0000
332 0.3000 -0.5196 0.0000
333 -0.0000 -0.6000 0.0000
334 0.0000 0.0000 0.6000
335 -0.0000 -0.6000 0.6000
336 0.3000 -0.5196 0.6000
337 -0.0000 -0.6000 0.0000
338 0.3000 -0.5196 0.0000
339 0.3000 -0.5196 0.6000
340 -0.0000 -0.6000 0.6000
341 0.0000 0.0000 0.0000
342 0.5196 -0.3000 0.0000
343 0.3000 -0.5196 0.0000
344 0.0000 0.0000 0.6000
345 0.3000 -0.5196 0.6000
346 0.5196 -0.3000 0.6000
347 0.3000 -0.5196 0.0000
348 0.5196 -0.3000 0.0000
349 0.5196 -0.3000 0.6000
350 0.3000 -0.5196 0.6000
351 0.0000 0.0000 0.0000
352 0.6000 -0.0000 0.0000
353 0.5196 -0.3000 0.0000
354 0.0000 0.0000 0.6000
355 0.5196 -0.3000 0.6000
356 0.6000 -0.0000 0.6000
357 0.5196 -0.3000 0.0000
358 0.6000 -0.0000 0.0000
359 0.6000 -0.0000 0.6000
360 0.5196 -0.3000 0.6000
361 0.0000 0.0000 -0.5000
362 1.8000 0.0000 -0.5000
363 1.8000 3.5000 -0.5000
364 0.0000 3.5000 -0.5000
365 0.0000 0.0000 0.0000
366 0.0000 3.5000 0.0000
367 1.8000 3.5000 0.0000
368 1.8000 0.0000 0.0000
369 0.0000 0.0000 -0.5000
370 0.0000 3.5000 -0.5000
371 0.0000 3.5000 0.0000
372 0.0000 0.0000 0.0000
373 1.8000 0.0000 -0.5000
374 1.8000 0.0000 0.0000
375 1.8000 3.5000 0.0000
376 1.8000 3.5000 -0.5000
377 0.0000 3.5000 -0.5000
378 1.8000 3.5000 -0.5000
379 0.4000 7.5000 -0.5000
380 0.0000 7.5000 -0.5000
381 0.0000 3.5000 0.0000
382 0.0000 7.5000 0.0000
383 0.4000 7.5000 0.0000
384 1.8000 3.5000 0.0000
385 0.0000 3.5000 -0.5000
386 0.0000 7.5000 -0.5000
387 0.0000 7.5000 0.0000
388 0.0000 3.5000 0.0000
389 1.8000 3.5000 -0.5000
390 1.8000 3.5000 0.0000
391 0.4000 7.5000 0.0000
392 0.4000 7.5000 -0.5000
393 0.0000 7.5000 -0.5000
394 0.4000 7.5000 -0.5000
395 0.4000 7.5000 0.0000
396 0.0000 7.5000 0.0000
397 0.0000 4.0000 -0.5000
398 -0.2000 4.2000 -0.5000
399 -0.2000 4.2000 0.0000
400 0.0000 4.0000 0.0000
401 -0.2000 4.2000 -0.5000
402 0.0000 4.4000 -0.5000
403 0.0000 4.4000 0.0000
404 -0.2000 4.2000 0.0000
405 0.0000 4.5000 -0.5000
406 -0.2000 4.7000 -0.5000
407 -0.2000 4.7000 0.0000
408 0.0000 4.5000 0.0000
409 -0.2000 4.7000 -0.5000
410 0.0000 4.9000 -0.5000
411 0.0000 4.9000 0.0000
412 -0.2000 4.7000 0.0000
413 0.0000 5.0000 -0.5000
414 -0.2000 5.2000 -0.5000
415 -0.2000 5.2000 0.0000
416 0.0000 5.0000 0.0000
417 -0.2000 5.2000 -0.5000
418 0.0000 5.4000 -0.5000
419 0.0000 5.4000 0.0000
420 -0.2000 5.2000 0.0000
421 0.0000 5.5000 -0.5000
422 -0.2000 5.7000 -0.5000
423 -0.2000 5.7000 0.0000
424 0.0000 5.5000 0.0000
425 -0.2000 5.7000 -0.5000
426 0.0000 5.9000 -0.5000
427 0.0000 5.9000 0.0000
428 -0.2000 5.7000 0.0000
429 0.0000 6.0000 -0.5000
430 -0.2000 6.2000 -0.5000
431 -0.2000 6.2000 0.0000
432 0.0000 6.0000 0.0000
433 -0.2000 6.2000 -0.5000
434 0.0000 6.4000 -0.5000
435 0.0000 6.4000 0.0000
436 -0.2000 6.2000 0.0000
Faces:
1 2 3 .
4 5 6 .
7 8 9 10 .
11 12 13 .
14 15 16 .
17 18 19 20 .
21 22 23 .
24 25 26 .
27 28 29 30 .
31 32 33 .
34 35 36 .
37 38 39 40 .
41 42 43 .
44 45 46 .
47 48 49 50 .
51 52 53 .
54 55 56 .
57 58 59 60 .
61 62 63 .
64 65 66 .
67 68 69 70 .
71 72 73 .
74 75 76 .
77 78 79 80 .
81 82 83 .
84 85 86 .
87 88 89 90 .
91 92 93 .
94 95 96 .
97 98 99 100 .
101 102 103 .
104 105 106 .
107 108 109 110 .
111 112 113 .
114 115 116 .
117 118 119 120 .
121 122 123 .
124 125 126 .
127 128 129 130 .
131 132 133 .
134 135 136 .
137 138 139 140 .
141 142 143 .
144 145 146 .
147 148 149 150 .
151 152 153 .
154 155 156 .
157 158 159 160 .
161 162 163 .
164 165 166 .
167 168 169 170 .
171 172 173 .
174 175 176 .
177 178 179 180 .
181 182 183 .
184 185 186 .
187 188 189 190 .
191 192 193 .
194 195 196 .
197 198 199 200 .
201 202 203 .
204 205 206 .
207 208 209 210 .
211 212 213 .
214 215 216 .
217 218 219 220 .
221 222 223 .
224 225 226 .
227 228 229 230 .
231 232 233 .
234 235 236 .
237 238 239 240 .
241 242 243 .
244 245 246 .
247 248 249 250 .
251 252 253 .
254 255 256 .
257 258 259 260 .
261 262 263 .
264 265 266 .
267 268 269 270 .
271 272 273 .
274 275 276 .
277 278 279 280 .
281 282 283 .
284 285 286 .
287 288 289 290 .
291 292 293 .
294 295 296 .
297 298 299 300 .
301 302 303 .
304 305 306 .
307 308 309 310 .
311 312 313 .
314 315 316 .
317 318 319 320 .
321 322 323 .
324 325 326 .
327 328 329 330 .
331 332 333 .
334 335 336 .
337 338 339 340 .
341 342 343 .
344 345 346 .
347 348 349 350 .
351 352 353 .
354 355 356 .
357 358 359 360 .
361 362 363 364 .
365 366 367 368 .
369 370 371 372 .
373 374 375 376 .
377 378 379 380 .
381 382 383 384 .
385 386 387 388 .
389 390 391 392 .
393 394 395 396 .
397 398 399 400 .
401 402 403 404 .
405 406 407 408 .
409 410 411 412 .
413 414 415 416 .
417 418 419 420 .
421 422 423 424 .
425 426 427 428 .
429 430 431 432 .
433 434 435 436 .
