1 -10.000000 -10.000000 -10.000000
2 10.000000 10.000000 10.000000
3 0.207000 0.000000 -6.000000
4 0.167467 0.121672 -6.000000
5 0.063967 0.196869 -6.000000
6 -0.063967 0.196869 -6.000000
7 -0.167467 0.121672 -6.000000
8 -0.207000 0.000000 -6.000000
9 -0.167467 -0.121672 -6.000000
10 -0.063967 -0.196869 -6.000000
11 0.063967 -0.196869 -6.000000
12 0.167467 -0.121672 -6.000000
13 0.238450 0.000000 -5.571429
14 0.199284 0.120538 -5.571429
15 0.096749 0.195035 -5.571429
16 -0.029992 0.195035 -5.571429
17 -0.132528 0.120538 -5.571429
18 -0.171693 0.000000 -5.571429
19 -0.132528 -0.120538 -5.571429
20 -0.029992 -0.195035 -5.571429
21 0.096749 -0.195035 -5.571429
22 0.199284 -0.120538 -5.571429
23 0.268225 0.000000 -5.142857
24 0.229429 0.119404 -5.142857
25 0.127857 0.193200 -5.142857
26 0.002308 0.193200 -5.142857
27 -0.099263 0.119404 -5.142857
28 -0.138060 0.000000 -5.142857
29 -0.099263 -0.119404 -5.142857
30 0.002308 -0.193200 -5.142857
31 0.127857 -0.193200 -5.142857
32 0.229429 -0.119404 -5.142857
33 0.294738 0.000000 -4.714286
34 0.256309 0.118271 -4.714286
35 0.155702 0.191366 -4.714286
36 0.031345 0.191366 -4.714286
37 -0.069262 0.118271 -4.714286
38 -0.107691 0.000000 -4.714286
39 -0.069262 -0.118271 -4.714286
40 0.031345 -0.191366 -4.714286
41 0.155702 -0.191366 -4.714286
42 0.256309 -0.118271 -4.714286
43 0.316560 0.000000 -4.285714
44 0.278500 0.117137 -4.285714
45 0.178857 0.189532 -4.285714
46 0.055692 0.189532 -4.285714
47 -0.043951 0.117137 -4.285714
48 -0.082011 0.000000 -4.285714
49 -0.043951 -0.117137 -4.285714
50 0.055692 -0.189532 -4.285714
51 0.178857 -0.189532 -4.285714
52 0.278500 -0.117137 -4.285714
53 0.332502 0.000000 -3.857143
54 0.294811 0.116004 -3.857143
55 0.196132 0.187698 -3.857143
56 0.074159 0.187698 -3.857143
57 -0.024520 0.116004 -3.857143
58 -0.062212 0.000000 -3.857143
59 -0.024520 -0.116004 -3.857143
60 0.074159 -0.187698 -3.857143
61 0.196132 -0.187698 -3.857143
62 0.294811 -0.116004 -3.857143
63 0.341668 0.000000 -3.428571
64 0.304344 0.114870 -3.428571
65 0.206630 0.185864 -3.428571
66 0.085848 0.185864 -3.428571
67 -0.011866 0.114870 -3.428571
68 -0.049189 0.000000 -3.428571
69 -0.011866 -0.114870 -3.428571
70 0.085848 -0.185864 -3.428571
71 0.206630 -0.185864 -3.428571
72 0.304344 -0.114870 -3.428571
73 0.343500 0.000000 -3.000000
74 0.306545 0.113736 -3.000000
75 0.209795 0.184029 -3.000000
76 0.090205 0.184029 -3.000000
77 -0.006545 0.113736 -3.000000
78 -0.043500 0.000000 -3.000000
79 -0.006545 -0.113736 -3.000000
80 0.090205 -0.184029 -3.000000
81 0.209795 -0.184029 -3.000000
82 0.306545 -0.113736 -3.000000
83 0.337811 0.000000 -2.571429
84 0.301224 0.112603 -2.571429
85 0.205438 0.182195 -2.571429
86 0.087040 0.182195 -2.571429
87 -0.008745 0.112603 -2.571429
88 -0.045332 0.000000 -2.571429
89 -0.008745 -0.112603 -2.571429
90 0.087040 -0.182195 -2.571429
91 0.205438 -0.182195 -2.571429
92 0.301224 -0.112603 -2.571429
93 0.324788 0.000000 -2.142857
94 0.288570 0.111469 -2.142857
95 0.193748 0.180361 -2.142857
96 0.076542 0.180361 -2.142857
97 -0.018279 0.111469 -2.142857
98 -0.054498 0.000000 -2.142857
99 -0.018279 -0.111469 -2.142857
100 0.076542 -0.180361 -2.142857
101 0.193748 -0.180361 -2.142857
102 0.288570 -0.111469 -2.142857
103 0.304989 0.000000 -1.714286
104 0.269139 0.110336 -1.714286
105 0.175282 0.178527 -1.714286
106 0.059268 0.178527 -1.714286
107 -0.034589 0.110336 -1.714286
108 -0.070440 0.000000 -1.714286
109 -0.034589 -0.110336 -1.714286
110 0.059268 -0.178527 -1.714286
111 0.175282 -0.178527 -1.714286
112 0.269139 -0.110336 -1.714286
113 0.279309 0.000000 -1.285714
114 0.243827 0.109202 -1.285714
115 0.150934 0.176693 -1.285714
116 0.036113 0.176693 -1.285714
117 -0.056780 0.109202 -1.285714
118 -0.092262 0.000000 -1.285714
119 -0.056780 -0.109202 -1.285714
120 0.036113 -0.176693 -1.285714
121 0.150934 -0.176693 -1.285714
122 0.243827 -0.109202 -1.285714
123 0.248940 0.000000 -0.857143
124 0.213826 0.108069 -0.857143
125 0.121898 0.174859 -0.857143
126 0.008268 0.174859 -0.857143
127 -0.083661 0.108069 -0.857143
128 -0.118775 0.000000 -0.857143
129 -0.083661 -0.108069 -0.857143
130 0.008268 -0.174859 -0.857143
131 0.121898 -0.174859 -0.857143
132 0.213826 -0.108069 -0.857143
133 0.215307 0.000000 -0.428571
134 0.180561 0.106935 -0.428571
135 0.089597 0.173024 -0.428571
136 -0.022841 0.173024 -0.428571
137 -0.113805 0.106935 -0.428571
138 -0.148550 0.000000 -0.428571
139 -0.113805 -0.106935 -0.428571
140 -0.022841 -0.173024 -0.428571
141 0.089597 -0.173024 -0.428571
142 0.180561 -0.106935 -0.428571
143 0.180000 0.000000 0.000000
144 0.145623 0.105801 0.000000
145 0.055623 0.171190 0.000000
146 -0.055623 0.171190 0.000000
147 -0.145623 0.105801 0.000000
148 -0.180000 0.000000 0.000000
149 -0.145623 -0.105801 0.000000
150 -0.055623 -0.171190 0.000000
151 0.055623 -0.171190 0.000000
152 0.145623 -0.105801 0.000000
153 0.000000 0.000000 0.000000
154 0.665740 0.000000 0.139058
155 0.576547 0.332870 0.139058
156 0.332870 0.576547 0.139058
157 0.000000 0.665740 0.139058
158 -0.332870 0.576547 0.139058
159 -0.576547 0.332870 0.139058
160 -0.665740 0.000000 0.139058
161 -0.576547 -0.332870 0.139058
162 -0.332870 -0.576547 0.139058
163 -0.000000 -0.665740 0.139058
164 0.332870 -0.576547 0.139058
165 0.576547 -0.332870 0.139058
166 0.566312 0.000000 0.264503
167 0.490440 0.283156 0.264503
168 0.283156 0.490440 0.264503
169 0.000000 0.566312 0.264503
170 -0.283156 0.490440 0.264503
171 -0.490440 0.283156 0.264503
172 -0.566312 0.000000 0.264503
173 -0.490440 -0.283156 0.264503
174 -0.283156 -0.490440 0.264503
175 -0.000000 -0.566312 0.264503
176 0.283156 -0.490440 0.264503
177 0.490440 -0.283156 0.264503
178 0.411450 0.000000 0.364058
179 0.356326 0.205725 0.364058
180 0.205725 0.356326 0.364058
181 0.000000 0.411450 0.364058
182 -0.205725 0.356326 0.364058
183 -0.356326 0.205725 0.364058
184 -0.411450 0.000000 0.364058
185 -0.356326 -0.205725 0.364058
186 -0.205725 -0.356326 0.364058
187 -0.000000 -0.411450 0.364058
188 0.205725 -0.356326 0.364058
189 0.356326 -0.205725 0.364058
190 0.216312 0.000000 0.427975
191 0.187332 0.108156 0.427975
192 0.108156 0.187332 0.427975
193 0.000000 0.216312 0.427975
194 -0.108156 0.187332 0.427975
195 -0.187332 0.108156 0.427975
196 -0.216312 0.000000 0.427975
197 -0.187332 -0.108156 0.427975
198 -0.108156 -0.187332 0.427975
199 -0.000000 -0.216312 0.427975
200 0.108156 -0.187332 0.427975
201 0.187332 -0.108156 0.427975
202 0.000000 0.000000 0.450000
203 0.000000 0.000000 0.450000
204 0.000000 0.000000 0.450000
205 0.000000 0.000000 0.450000
206 -0.000000 0.000000 0.450000
207 -0.000000 0.000000 0.450000
208 -0.000000 0.000000 0.450000
209 -0.000000 -0.000000 0.450000
210 -0.000000 -0.000000 0.450000
211 -0.000000 -0.000000 0.450000
212 0.000000 -0.000000 0.450000
213 0.000000 -0.000000 0.450000
214 0.000000 0.000000 0.450000
Faces:
3 4 14 13 .
4 5 15 14 .
5 6 16 15 .
6 7 17 16 .
7 8 18 17 .
8 9 19 18 .
9 10 20 19 .
10 11 21 20 .
11 12 22 21 .
12 3 13 22 .
13 14 24 23 .
14 15 25 24 .
15 16 26 25 .
16 17 27 26 .
17 18 28 27 .
18 19 29 28 .
19 20 30 29 .
20 21 31 30 .
21 22 32 31 .
22 13 23 32 .
23 24 34 33 .
24 25 35 34 .
25 26 36 35 .
26 27 37 36 .
27 28 38 37 .
28 29 39 38 .
29 30 40 39 .
30 31 41 40 .
31 32 42 41 .
32 23 33 42 .
33 34 44 43 .
34 35 45 44 .
35 36 46 45 .
36 37 47 46 .
37 38 48 47 .
38 39 49 48 .
39 40 50 49 .
40 41 51 50 .
41 42 52 51 .
42 33 43 52 .
43 44 54 53 .
44 45 55 54 .
45 46 56 55 .
46 47 57 56 .
47 48 58 57 .
48 49 59 58 .
49 50 60 59 .
50 51 61 60 .
51 52 62 61 .
52 43 53 62 .
53 54 64 63 .
54 55 65 64 .
55 56 66 65 .
56 57 67 66 .
57 58 68 67 .
58 59 69 68 .
59 60 70 69 .
60 61 71 70 .
61 62 72 71 .
62 53 63 72 .
63 64 74 73 .
64 65 75 74 .
65 66 76 75 .
66 67 77 76 .
67 68 78 77 .
68 69 79 78 .
69 70 80 79 .
70 71 81 80 .
71 72 82 81 .
72 63 73 82 .
73 74 84 83 .
74 75 85 84 .
75 76 86 85 .
76 77 87 86 .
77 78 88 87 .
78 79 89 88 .
79 80 90 89 .
80 81 91 90 .
81 82 92 91 .
82 73 83 92 .
83 84 94 93 .
84 85 95 94 .
85 86 96 95 .
86 87 97 96 .
87 88 98 97 .
88 89 99 98 .
89 90 100 99 .
90 91 101 100 .
91 92 102 101 .
92 83 93 102 .
93 94 104 103 .
94 95 105 104 .
95 96 106 105 .
96 97 107 106 .
97 98 108 107 .
98 99 109 108 .
99 100 110 109 .
100 101 111 110 .
101 102 112 111 .
102 93 103 112 .
103 104 114 113 .
104 105 115 114 .
105 106 116 115 .
106 107 117 116 .
107 108 118 117 .
108 109 119 118 .
109 110 120 119 .
110 111 121 120 .
111 112 122 121 .
112 103 113 122 .
113 114 124 123 .
114 115 125 124 .
115 116 126 125 .
116 117 127 126 .
117 118 128 127 .
118 119 129 128 .
119 120 130 129 .
120 121 131 130 .
121 122 132 131 .
122 113 123 132 .
123 124 134 133 .
124 125 135 134 .
125 126 136 135 .
126 127 137 136 .
127 128 138 137 .
128 129 139 138 .
129 130 140 139 .
130 131 141 140 .
131 132 142 141 .
132 123 133 142 .
133 134 144 143 .
134 135 145 144 .
135 136 146 145 .
136 137 147 146 .
137 138 148 147 .
138 139 149 148 .
139 140 150 149 .
140 141 151 150 .
141 142 152 151 .
142 133 143 152 .
153 155 154 .
153 156 155 .
153 157 156 .
153 158 157 .
153 159 158 .
153 160 159 .
153 161 160 .
153 162 161 .
153 163 162 .
153 164 163 .
153 165 164 .
153 154 165 .
154 166 167 155 .
155 167 168 156 .
156 168 169 157 .
157 169 170 158 .
158 170 171 159 .
159 171 172 160 .
160 172 173 161 .
161 173 174 162 .
162 174 175 163 .
163 175 176 164 .
164 176 177 165 .
165 177 166 154 .
166 178 179 167 .
167 179 180 168 .
168 180 181 169 .
169 181 182 170 .
170 182 183 171 .
171 183 184 172 .
172 184 185 173 .
173 185 186 174 .
174 186 187 175 .
175 187 188 176 .
176 188 189 177 .
177 189 178 166 .
178 190 191 179 .
179 191 192 180 .
180 192 193 181 .
181 193 194 182 .
182 194 195 183 .
183 195 196 184 .
184 196 197 185 .
185 197 198 186 .
186 198 199 187 .
187 199 200 188 .
188 200 201 189 .
189 201 190 178 .
190 202 203 191 .
191 203 204 192 .
192 204 205 193 .
193 205 206 194 .
194 206 207 195 .
195 207 208 196 .
196 208 209 197 .
197 209 210 198 .
198 210 211 199 .
199 211 212 200 .
200 212 213 201 .
201 213 202 190 .
202 214 203 .
203 214 204 .
204 214 205 .
205 214 206 .
206 214 207 .
207 214 208 .
208 214 209 .
209 214 210 .
210 214 211 .
211 214 212 .
212 214 213 .
213 214 202 .
