1 -10.000000 -10.000000 -10.000000
2 10.000000 10.000000 10.000000
3 -0.550000 0.000000 0.050000
4 -0.550000 0.000000 0.050000
5 -0.550000 0.000000 0.050000
6 -0.550000 0.000000 0.050000
7 -0.550000 0.000000 0.050000
8 -0.550000 0.000000 0.050000
9 -0.550000 0.000000 0.050000
10 -0.800000 0.200861 0.095000
11 -0.800000 0.133907 0.100556
12 -0.800000 0.066954 0.103889
13 -0.800000 0.000000 0.105000
14 -0.800000 -0.066954 0.103889
15 -0.800000 -0.133907 0.100556
16 -0.800000 -0.200861 0.095000
17 -1.050000 0.382060 0.140000
18 -1.050000 0.254707 0.151111
19 -1.050000 0.127353 0.157778
20 -1.050000 0.000000 0.160000
21 -1.050000 -0.127353 0.157778
22 -1.050000 -0.254707 0.151111
23 -1.050000 -0.382060 0.140000
24 -1.300000 0.525861 0.185000
25 -1.300000 0.350574 0.201667
26 -1.300000 0.175287 0.211667
27 -1.300000 0.000000 0.215000
28 -1.300000 -0.175287 0.211667
29 -1.300000 -0.350574 0.201667
30 -1.300000 -0.525861 0.185000
31 -1.550000 0.618187 0.230000
32 -1.550000 0.412124 0.252222
33 -1.550000 0.206062 0.265556
34 -1.550000 0.000000 0.270000
35 -1.550000 -0.206062 0.265556
36 -1.550000 -0.412124 0.252222
37 -1.550000 -0.618187 0.230000
38 -1.800000 0.650000 0.275000
39 -1.800000 0.433333 0.302778
40 -1.800000 0.216667 0.319444
41 -1.800000 0.000000 0.325000
42 -1.800000 -0.216667 0.319444
43 -1.800000 -0.433333 0.302778
44 -1.800000 -0.650000 0.275000
45 -2.050000 0.618187 0.320000
46 -2.050000 0.412124 0.353333
47 -2.050000 0.206062 0.373333
48 -2.050000 0.000000 0.380000
49 -2.050000 -0.206062 0.373333
50 -2.050000 -0.412124 0.353333
51 -2.050000 -0.618187 0.320000
52 -2.300000 0.525861 0.365000
53 -2.300000 0.350574 0.403889
54 -2.300000 0.175287 0.427222
55 -2.300000 0.000000 0.435000
56 -2.300000 -0.175287 0.427222
57 -2.300000 -0.350574 0.403889
58 -2.300000 -0.525861 0.365000
59 -2.550000 0.382060 0.410000
60 -2.550000 0.254707 0.454444
61 -2.550000 0.127353 0.481111
62 -2.550000 0.000000 0.490000
63 -2.550000 -0.127353 0.481111
64 -2.550000 -0.254707 0.454444
65 -2.550000 -0.382060 0.410000
66 -2.800000 0.200861 0.455000
67 -2.800000 0.133907 0.505000
68 -2.800000 0.066954 0.535000
69 -2.800000 0.000000 0.545000
70 -2.800000 -0.066954 0.535000
71 -2.800000 -0.133907 0.505000
72 -2.800000 -0.200861 0.455000
73 -3.050000 0.000000 0.500000
74 -3.050000 0.000000 0.555556
75 -3.050000 0.000000 0.588889
76 -3.050000 0.000000 0.600000
77 -3.050000 0.000000 0.588889
78 -3.050000 0.000000 0.555556
79 -3.050000 0.000000 0.500000
80 -0.550000 0.000000 -0.050000
81 -0.550000 0.000000 -0.050000
82 -0.550000 0.000000 -0.050000
83 -0.550000 0.000000 -0.050000
84 -0.550000 0.000000 -0.050000
85 -0.550000 0.000000 -0.050000
86 -0.550000 0.000000 -0.050000
87 -0.800000 0.200861 -0.005000
88 -0.800000 0.133907 0.000556
89 -0.800000 0.066954 0.003889
90 -0.800000 0.000000 0.005000
91 -0.800000 -0.066954 0.003889
92 -0.800000 -0.133907 0.000556
93 -0.800000 -0.200861 -0.005000
94 -1.050000 0.382060 0.040000
95 -1.050000 0.254707 0.051111
96 -1.050000 0.127353 0.057778
97 -1.050000 0.000000 0.060000
98 -1.050000 -0.127353 0.057778
99 -1.050000 -0.254707 0.051111
100 -1.050000 -0.382060 0.040000
101 -1.300000 0.525861 0.085000
102 -1.300000 0.350574 0.101667
103 -1.300000 0.175287 0.111667
104 -1.300000 0.000000 0.115000
105 -1.300000 -0.175287 0.111667
106 -1.300000 -0.350574 0.101667
107 -1.300000 -0.525861 0.085000
108 -1.550000 0.618187 0.130000
109 -1.550000 0.412124 0.152222
110 -1.550000 0.206062 0.165556
111 -1.550000 0.000000 0.170000
112 -1.550000 -0.206062 0.165556
113 -1.550000 -0.412124 0.152222
114 -1.550000 -0.618187 0.130000
115 -1.800000 0.650000 0.175000
116 -1.800000 0.433333 0.202778
117 -1.800000 0.216667 0.219444
118 -1.800000 0.000000 0.225000
119 -1.800000 -0.216667 0.219444
120 -1.800000 -0.433333 0.202778
121 -1.800000 -0.650000 0.175000
122 -2.050000 0.618187 0.220000
123 -2.050000 0.412124 0.253333
124 -2.050000 0.206062 0.273333
125 -2.050000 0.000000 0.280000
126 -2.050000 -0.206062 0.273333
127 -2.050000 -0.412124 0.253333
128 -2.050000 -0.618187 0.220000
129 -2.300000 0.525861 0.265000
130 -2.300000 0.350574 0.303889
131 -2.300000 0.175287 0.327222
132 -2.300000 0.000000 0.335000
133 -2.300000 -0.175287 0.327222
134 -2.300000 -0.350574 0.303889
135 -2.300000 -0.525861 0.265000
136 -2.550000 0.382060 0.310000
137 -2.550000 0.254707 0.354444
138 -2.550000 0.127353 0.381111
139 -2.550000 0.000000 0.390000
140 -2.550000 -0.127353 0.381111
141 -2.550000 -0.254707 0.354444
142 -2.550000 -0.382060 0.310000
143 -2.800000 0.200861 0.355000
144 -2.800000 0.133907 0.405000
145 -2.800000 0.066954 0.435000
146 -2.800000 0.000000 0.445000
147 -2.800000 -0.066954 0.435000
148 -2.800000 -0.133907 0.405000
149 -2.800000 -0.200861 0.355000
150 -3.050000 0.000000 0.400000
151 -3.050000 0.000000 0.455556
152 -3.050000 0.000000 0.488889
153 -3.050000 0.000000 0.500000
154 -3.050000 0.000000 0.488889
155 -3.050000 0.000000 0.455556
156 -3.050000 0.000000 0.400000
Faces:
3 4 11 10 .
4 5 12 11 .
5 6 13 12 .
6 7 14 13 .
7 8 15 14 .
8 9 16 15 .
10 11 18 17 .
11 12 19 18 .
12 13 20 19 .
13 14 21 20 .
14 15 22 21 .
15 16 23 22 .
17 18 25 24 .
18 19 26 25 .
19 20 27 26 .
20 21 28 27 .
21 22 29 28 .
22 23 30 29 .
24 25 32 31 .
25 26 33 32 .
26 27 34 33 .
27 28 35 34 .
28 29 36 35 .
29 30 37 36 .
31 32 39 38 .
32 33 40 39 .
33 34 41 40 .
34 35 42 41 .
35 36 43 42 .
36 37 44 43 .
38 39 46 45 .
39 40 47 46 .
40 41 48 47 .
41 42 49 48 .
42 43 50 49 .
43 44 51 50 .
45 46 53 52 .
46 47 54 53 .
47 48 55 54 .
48 49 56 55 .
49 50 57 56 .
50 51 58 57 .
52 53 60 59 .
53 54 61 60 .
54 55 62 61 .
55 56 63 62 .
56 57 64 63 .
57 58 65 64 .
59 60 67 66 .
60 61 68 67 .
61 62 69 68 .
62 63 70 69 .
63 64 71 70 .
64 65 72 71 .
66 67 74 73 .
67 68 75 74 .
68 69 76 75 .
69 70 77 76 .
70 71 78 77 .
71 72 79 78 .
87 88 81 80 .
88 89 82 81 .
89 90 83 82 .
90 91 84 83 .
91 92 85 84 .
92 93 86 85 .
94 95 88 87 .
95 96 89 88 .
96 97 90 89 .
97 98 91 90 .
98 99 92 91 .
99 100 93 92 .
101 102 95 94 .
102 103 96 95 .
103 104 97 96 .
104 105 98 97 .
105 106 99 98 .
106 107 100 99 .
108 109 102 101 .
109 110 103 102 .
110 111 104 103 .
111 112 105 104 .
112 113 106 105 .
113 114 107 106 .
115 116 109 108 .
116 117 110 109 .
117 118 111 110 .
118 119 112 111 .
119 120 113 112 .
120 121 114 113 .
122 123 116 115 .
123 124 117 116 .
124 125 118 117 .
125 126 119 118 .
126 127 120 119 .
127 128 121 120 .
129 130 123 122 .
130 131 124 123 .
131 132 125 124 .
132 133 126 125 .
133 134 127 126 .
134 135 128 127 .
136 137 130 129 .
137 138 131 130 .
138 139 132 131 .
139 140 133 132 .
140 141 134 133 .
141 142 135 134 .
143 144 137 136 .
144 145 138 137 .
145 146 139 138 .
146 147 140 139 .
147 148 141 140 .
148 149 142 141 .
150 151 144 143 .
151 152 145 144 .
152 153 146 145 .
153 154 147 146 .
154 155 148 147 .
155 156 149 148 .
80 87 10 3 .
87 94 17 10 .
94 101 24 17 .
101 108 31 24 .
108 115 38 31 .
115 122 45 38 .
122 129 52 45 .
129 136 59 52 .
136 143 66 59 .
143 150 73 66 .
9 16 93 86 .
16 23 100 93 .
23 30 107 100 .
30 37 114 107 .
37 44 121 114 .
44 51 128 121 .
51 58 135 128 .
58 65 142 135 .
65 72 149 142 .
72 79 156 149 .
