1 -10.000000 -10.000000 -10.000000
2 10.000000 10.000000 10.000000
3 -0.275000 0.476314 0.050000
4 -0.275000 0.476314 0.050000
5 -0.275000 0.476314 0.050000
6 -0.275000 0.476314 0.050000
7 -0.275000 0.476314 0.050000
8 -0.275000 0.476314 0.050000
9 -0.275000 0.476314 0.050000
10 -0.226049 0.793251 0.095000
11 -0.284033 0.759774 0.100556
12 -0.342016 0.726297 0.103889
13 -0.400000 0.692820 0.105000
14 -0.457984 0.659343 0.103889
15 -0.515967 0.625867 0.100556
16 -0.573951 0.592390 0.095000
17 -0.194126 1.100357 0.140000
18 -0.304417 1.036680 0.151111
19 -0.414709 0.973003 0.157778
20 -0.525000 0.909327 0.160000
21 -0.635291 0.845650 0.157778
22 -0.745583 0.781973 0.151111
23 -0.855874 0.718296 0.140000
24 -0.194591 1.388764 0.185000
25 -0.346394 1.301120 0.201667
26 -0.498197 1.213477 0.211667
27 -0.650000 1.125833 0.215000
28 -0.801803 1.038190 0.211667
29 -0.953606 0.950546 0.201667
30 -1.105409 0.862903 0.185000
31 -0.239635 1.651433 0.230000
32 -0.418090 1.548402 0.252222
33 -0.596545 1.445370 0.265556
34 -0.775000 1.342339 0.270000
35 -0.953455 1.239308 0.265556
36 -1.131910 1.136277 0.252222
37 -1.310365 1.033246 0.230000
38 -0.337083 1.883846 0.275000
39 -0.524722 1.775512 0.302778
40 -0.712361 1.667179 0.319444
41 -0.900000 1.558846 0.325000
42 -1.087639 1.450512 0.319444
43 -1.275278 1.342179 0.302778
44 -1.462917 1.233846 0.275000
45 -0.489635 2.084445 0.320000
46 -0.668090 1.981414 0.353333
47 -0.846545 1.878383 0.373333
48 -1.025000 1.775352 0.380000
49 -1.203455 1.672321 0.373333
50 -1.381910 1.569290 0.353333
51 -1.560365 1.466259 0.320000
52 -0.694591 2.254789 0.365000
53 -0.846394 2.167145 0.403889
54 -0.998197 2.079502 0.427222
55 -1.150000 1.991858 0.435000
56 -1.301803 1.904215 0.427222
57 -1.453606 1.816571 0.403889
58 -1.605409 1.728928 0.365000
59 -0.944126 2.399395 0.410000
60 -1.054417 2.335718 0.454444
61 -1.164709 2.272042 0.481111
62 -1.275000 2.208365 0.490000
63 -1.385291 2.144688 0.481111
64 -1.495583 2.081011 0.454444
65 -1.605874 2.017335 0.410000
66 -1.226049 2.525302 0.455000
67 -1.284033 2.491825 0.505000
68 -1.342016 2.458348 0.535000
69 -1.400000 2.424871 0.545000
70 -1.457984 2.391394 0.535000
71 -1.515967 2.357917 0.505000
72 -1.573951 2.324441 0.455000
73 -1.525000 2.641377 0.500000
74 -1.525000 2.641377 0.555556
75 -1.525000 2.641377 0.588889
76 -1.525000 2.641377 0.600000
77 -1.525000 2.641377 0.588889
78 -1.525000 2.641377 0.555556
79 -1.525000 2.641377 0.500000
80 -0.275000 0.476314 -0.050000
81 -0.275000 0.476314 -0.050000
82 -0.275000 0.476314 -0.050000
83 -0.275000 0.476314 -0.050000
84 -0.275000 0.476314 -0.050000
85 -0.275000 0.476314 -0.050000
86 -0.275000 0.476314 -0.050000
87 -0.226049 0.793251 -0.005000
88 -0.284033 0.759774 0.000556
89 -0.342016 0.726297 0.003889
90 -0.400000 0.692820 0.005000
91 -0.457984 0.659343 0.003889
92 -0.515967 0.625867 0.000556
93 -0.573951 0.592390 -0.005000
94 -0.194126 1.100357 0.040000
95 -0.304417 1.036680 0.051111
96 -0.414709 0.973003 0.057778
97 -0.525000 0.909327 0.060000
98 -0.635291 0.845650 0.057778
99 -0.745583 0.781973 0.051111
100 -0.855874 0.718296 0.040000
101 -0.194591 1.388764 0.085000
102 -0.346394 1.301120 0.101667
103 -0.498197 1.213477 0.111667
104 -0.650000 1.125833 0.115000
105 -0.801803 1.038190 0.111667
106 -0.953606 0.950546 0.101667
107 -1.105409 0.862903 0.085000
108 -0.239635 1.651433 0.130000
109 -0.418090 1.548402 0.152222
110 -0.596545 1.445370 0.165556
111 -0.775000 1.342339 0.170000
112 -0.953455 1.239308 0.165556
113 -1.131910 1.136277 0.152222
114 -1.310365 1.033246 0.130000
115 -0.337083 1.883846 0.175000
116 -0.524722 1.775512 0.202778
117 -0.712361 1.667179 0.219444
118 -0.900000 1.558846 0.225000
119 -1.087639 1.450512 0.219444
120 -1.275278 1.342179 0.202778
121 -1.462917 1.233846 0.175000
122 -0.489635 2.084445 0.220000
123 -0.668090 1.981414 0.253333
124 -0.846545 1.878383 0.273333
125 -1.025000 1.775352 0.280000
126 -1.203455 1.672321 0.273333
127 -1.381910 1.569290 0.253333
128 -1.560365 1.466259 0.220000
129 -0.694591 2.254789 0.265000
130 -0.846394 2.167145 0.303889
131 -0.998197 2.079502 0.327222
132 -1.150000 1.991858 0.335000
133 -1.301803 1.904215 0.327222
134 -1.453606 1.816571 0.303889
135 -1.605409 1.728928 0.265000
136 -0.944126 2.399395 0.310000
137 -1.054417 2.335718 0.354444
138 -1.164709 2.272042 0.381111
139 -1.275000 2.208365 0.390000
140 -1.385291 2.144688 0.381111
141 -1.495583 2.081011 0.354444
142 -1.605874 2.017335 0.310000
143 -1.226049 2.525302 0.355000
144 -1.284033 2.491825 0.405000
145 -1.342016 2.458348 0.435000
146 -1.400000 2.424871 0.445000
147 -1.457984 2.391394 0.435000
148 -1.515967 2.357917 0.405000
149 -1.573951 2.324441 0.355000
150 -1.525000 2.641377 0.400000
151 -1.525000 2.641377 0.455556
152 -1.525000 2.641377 0.488889
153 -1.525000 2.641377 0.500000
154 -1.525000 2.641377 0.488889
155 -1.525000 2.641377 0.455556
156 -1.525000 2.641377 0.400000
Faces:
3 4 11 10 .
4 5 12 11 .
5 6 13 12 .
6 7 14 13 .
7 8 15 14 .
8 9 16 15 .
10 11 18 17 .
11 12 19 18 .
12 13 20 19 .
13 14 21 20 .
14 15 22 21 .
15 16 23 22 .
17 18 25 24 .
18 19 26 25 .
19 20 27 26 .
20 21 28 27 .
21 22 29 28 .
22 23 30 29 .
24 25 32 31 .
25 26 33 32 .
26 27 34 33 .
27 28 35 34 .
28 29 36 35 .
29 30 37 36 .
31 32 39 38 .
32 33 40 39 .
33 34 41 40 .
34 35 42 41 .
35 36 43 42 .
36 37 44 43 .
38 39 46 45 .
39 40 47 46 .
40 41 48 47 .
41 42 49 48 .
42 43 50 49 .
43 44 51 50 .
45 46 53 52 .
46 47 54 53 .
47 48 55 54 .
48 49 56 55 .
49 50 57 56 .
50 51 58 57 .
52 53 60 59 .
53 54 61 60 .
54 55 62 61 .
55 56 63 62 .
56 57 64 63 .
57 58 65 64 .
59 60 67 66 .
60 61 68 67 .
61 62 69 68 .
62 63 70 69 .
63 64 71 70 .
64 65 72 71 .
66 67 74 73 .
67 68 75 74 .
68 69 76 75 .
69 70 77 76 .
70 71 78 77 .
71 72 79 78 .
87 88 81 80 .
88 89 82 81 .
89 90 83 82 .
90 91 84 83 .
91 92 85 84 .
92 93 86 85 .
94 95 88 87 .
95 96 89 88 .
96 97 90 89 .
97 98 91 90 .
98 99 92 91 .
99 100 93 92 .
101 102 95 94 .
102 103 96 95 .
103 104 97 96 .
104 105 98 97 .
105 106 99 98 .
106 107 100 99 .
108 109 102 101 .
109 110 103 102 .
110 111 104 103 .
111 112 105 104 .
112 113 106 105 .
113 114 107 106 .
115 116 109 108 .
116 117 110 109 .
117 118 111 110 .
118 119 112 111 .
119 120 113 112 .
120 121 114 113 .
122 123 116 115 .
123 124 117 116 .
124 125 118 117 .
125 126 119 118 .
126 127 120 119 .
127 128 121 120 .
129 130 123 122 .
130 131 124 123 .
131 132 125 124 .
132 133 126 125 .
133 134 127 126 .
134 135 128 127 .
136 137 130 129 .
137 138 131 130 .
138 139 132 131 .
139 140 133 132 .
140 141 134 133 .
141 142 135 134 .
143 144 137 136 .
144 145 138 137 .
145 146 139 138 .
146 147 140 139 .
147 148 141 140 .
148 149 142 141 .
150 151 144 143 .
151 152 145 144 .
152 153 146 145 .
153 154 147 146 .
154 155 148 147 .
155 156 149 148 .
80 87 10 3 .
87 94 17 10 .
94 101 24 17 .
101 108 31 24 .
108 115 38 31 .
115 122 45 38 .
122 129 52 45 .
129 136 59 52 .
136 143 66 59 .
143 150 73 66 .
9 16 93 86 .
16 23 100 93 .
23 30 107 100 .
30 37 114 107 .
37 44 121 114 .
44 51 128 121 .
51 58 135 128 .
58 65 142 135 .
65 72 149 142 .
72 79 156 149 .
