1 -1.0000 0.0000 -0.9500
2 1.0000 0.0000 -0.9500
3 -1.2000 -2.0000 -0.9500
4 -3.2000 -2.0000 -0.9500
5 1.0000 0.0000 0.4500
6 -1.0000 0.0000 0.4500
7 -3.2000 -2.0000 0.4500
8 -1.2000 -2.0000 0.4500
9 1.0000 0.0000 -0.9500
10 1.0000 0.0000 0.4500
11 -1.2000 -2.0000 0.4500
12 -1.2000 -2.0000 -0.9500
13 -1.0000 0.0000 0.4500
14 -1.0000 0.0000 -0.9500
15 -3.2000 -2.0000 -0.9500
16 -3.2000 -2.0000 0.4500
17 -3.2000 -2.0000 -0.9500
18 -1.2000 -2.0000 -0.9500
19 -2.8000 -5.0000 -0.9500
20 -4.8000 -5.0000 -0.9500
21 -1.2000 -2.0000 0.4500
22 -3.2000 -2.0000 0.4500
23 -4.8000 -5.0000 0.4500
24 -2.8000 -5.0000 0.4500
25 -1.2000 -2.0000 -0.9500
26 -1.2000 -2.0000 0.4500
27 -2.8000 -5.0000 0.4500
28 -2.8000 -5.0000 -0.9500
29 -3.2000 -2.0000 0.4500
30 -3.2000 -2.0000 -0.9500
31 -4.8000 -5.0000 -0.9500
32 -4.8000 -5.0000 0.4500
33 -4.8000 -5.0000 -0.9500
34 -2.8000 -5.0000 -0.9500
35 -3.2000 -9.0000 -0.9500
36 -5.2000 -9.0000 -0.9500
37 -2.8000 -5.0000 0.4500
38 -4.8000 -5.0000 0.4500
39 -5.2000 -9.0000 0.4500
40 -3.2000 -9.0000 0.4500
41 -2.8000 -5.0000 -0.9500
42 -2.8000 -5.0000 0.4500
43 -3.2000 -9.0000 0.4500
44 -3.2000 -9.0000 -0.9500
45 -4.8000 -5.0000 0.4500
46 -4.8000 -5.0000 -0.9500
47 -5.2000 -9.0000 -0.9500
48 -5.2000 -9.0000 0.4500
49 -5.2000 -9.0000 -0.9500
50 -3.2000 -9.0000 -0.9500
51 -2.5000 -14.0000 -0.9500
52 -4.5000 -14.0000 -0.9500
53 -3.2000 -9.0000 0.4500
54 -5.2000 -9.0000 0.4500
55 -4.5000 -14.0000 0.4500
56 -2.5000 -14.0000 0.4500
57 -3.2000 -9.0000 -0.9500
58 -3.2000 -9.0000 0.4500
59 -2.5000 -14.0000 0.4500
60 -2.5000 -14.0000 -0.9500
61 -5.2000 -9.0000 0.4500
62 -5.2000 -9.0000 -0.9500
63 -4.5000 -14.0000 -0.9500
64 -4.5000 -14.0000 0.4500
65 -4.5000 -14.0000 -0.9500
66 -2.5000 -14.0000 -0.9500
67 -2.0000 -16.0000 -0.9500
68 -4.0000 -16.0000 -0.9500
69 -2.5000 -14.0000 0.4500
70 -4.5000 -14.0000 0.4500
71 -4.0000 -16.0000 0.4500
72 -2.0000 -16.0000 0.4500
73 -2.5000 -14.0000 -0.9500
74 -2.5000 -14.0000 0.4500
75 -2.0000 -16.0000 0.4500
76 -2.0000 -16.0000 -0.9500
77 -4.5000 -14.0000 0.4500
78 -4.5000 -14.0000 -0.9500
79 -4.0000 -16.0000 -0.9500
80 -4.0000 -16.0000 0.4500
81 -4.0000 -16.0000 -0.9500
82 -2.0000 -16.0000 -0.9500
83 -2.0000 -16.0000 0.4500
84 -4.0000 -16.0000 0.4500
Faces:
1 2 3 4 .
5 6 7 8 .
9 10 11 12 .
13 14 15 16 .
17 18 19 20 .
21 22 23 24 .
25 26 27 28 .
29 30 31 32 .
33 34 35 36 .
37 38 39 40 .
41 42 43 44 .
45 46 47 48 .
49 50 51 52 .
53 54 55 56 .
57 58 59 60 .
61 62 63 64 .
65 66 67 68 .
69 70 71 72 .
73 74 75 76 .
77 78 79 80 .
81 82 83 84 .
