1 -1.0000 0.0000 -0.4500
2 1.2000 -2.0000 -0.4500
3 3.2000 -2.0000 -0.4500
4 1.0000 0.0000 -0.4500
5 1.0000 0.0000 0.9500
6 3.2000 -2.0000 0.9500
7 1.2000 -2.0000 0.9500
8 -1.0000 0.0000 0.9500
9 1.0000 0.0000 -0.4500
10 3.2000 -2.0000 -0.4500
11 3.2000 -2.0000 0.9500
12 1.0000 0.0000 0.9500
13 -1.0000 0.0000 0.9500
14 1.2000 -2.0000 0.9500
15 1.2000 -2.0000 -0.4500
16 -1.0000 0.0000 -0.4500
17 1.2000 -2.0000 -0.4500
18 2.8000 -5.0000 -0.4500
19 4.8000 -5.0000 -0.4500
20 3.2000 -2.0000 -0.4500
21 3.2000 -2.0000 0.9500
22 4.8000 -5.0000 0.9500
23 2.8000 -5.0000 0.9500
24 1.2000 -2.0000 0.9500
25 3.2000 -2.0000 -0.4500
26 4.8000 -5.0000 -0.4500
27 4.8000 -5.0000 0.9500
28 3.2000 -2.0000 0.9500
29 1.2000 -2.0000 0.9500
30 2.8000 -5.0000 0.9500
31 2.8000 -5.0000 -0.4500
32 1.2000 -2.0000 -0.4500
33 2.8000 -5.0000 -0.4500
34 3.2000 -9.0000 -0.4500
35 5.2000 -9.0000 -0.4500
36 4.8000 -5.0000 -0.4500
37 4.8000 -5.0000 0.9500
38 5.2000 -9.0000 0.9500
39 3.2000 -9.0000 0.9500
40 2.8000 -5.0000 0.9500
41 4.8000 -5.0000 -0.4500
42 5.2000 -9.0000 -0.4500
43 5.2000 -9.0000 0.9500
44 4.8000 -5.0000 0.9500
45 2.8000 -5.0000 0.9500
46 3.2000 -9.0000 0.9500
47 3.2000 -9.0000 -0.4500
48 2.8000 -5.0000 -0.4500
49 3.2000 -9.0000 -0.4500
50 2.5000 -14.0000 -0.4500
51 4.5000 -14.0000 -0.4500
52 5.2000 -9.0000 -0.4500
53 5.2000 -9.0000 0.9500
54 4.5000 -14.0000 0.9500
55 2.5000 -14.0000 0.9500
56 3.2000 -9.0000 0.9500
57 5.2000 -9.0000 -0.4500
58 4.5000 -14.0000 -0.4500
59 4.5000 -14.0000 0.9500
60 5.2000 -9.0000 0.9500
61 3.2000 -9.0000 0.9500
62 2.5000 -14.0000 0.9500
63 2.5000 -14.0000 -0.4500
64 3.2000 -9.0000 -0.4500
65 2.5000 -14.0000 -0.4500
66 2.0000 -16.0000 -0.4500
67 4.0000 -16.0000 -0.4500
68 4.5000 -14.0000 -0.4500
69 4.5000 -14.0000 0.9500
70 4.0000 -16.0000 0.9500
71 2.0000 -16.0000 0.9500
72 2.5000 -14.0000 0.9500
73 4.5000 -14.0000 -0.4500
74 4.0000 -16.0000 -0.4500
75 4.0000 -16.0000 0.9500
76 4.5000 -14.0000 0.9500
77 2.5000 -14.0000 0.9500
78 2.0000 -16.0000 0.9500
79 2.0000 -16.0000 -0.4500
80 2.5000 -14.0000 -0.4500
81 2.0000 -16.0000 -0.4500
82 2.0000 -16.0000 0.9500
83 4.0000 -16.0000 0.9500
84 4.0000 -16.0000 -0.4500
Faces:
1 2 3 4 .
5 6 7 8 .
9 10 11 12 .
13 14 15 16 .
17 18 19 20 .
21 22 23 24 .
25 26 27 28 .
29 30 31 32 .
33 34 35 36 .
37 38 39 40 .
41 42 43 44 .
45 46 47 48 .
49 50 51 52 .
53 54 55 56 .
57 58 59 60 .
61 62 63 64 .
65 66 67 68 .
69 70 71 72 .
73 74 75 76 .
77 78 79 80 .
81 82 83 84 .
