1 -0.3000 1.6000 -2.5000
2 0.3000 1.6000 -2.5000
3 -0.3000 1.5727 -2.2929
4 0.3000 1.5727 -2.2929
5 -0.3000 1.4928 -2.1000
6 0.3000 1.4928 -2.1000
7 -0.3000 1.3657 -1.9343
8 0.3000 1.3657 -1.9343
9 -0.3000 1.2000 -1.8072
10 0.3000 1.2000 -1.8072
11 -0.3000 1.0071 -1.7273
12 0.3000 1.0071 -1.7273
13 -0.3000 0.8000 -1.7000
14 0.3000 0.8000 -1.7000
15 -0.3000 0.5929 -1.7273
16 0.3000 0.5929 -1.7273
17 -0.3000 0.4000 -1.8072
18 0.3000 0.4000 -1.8072
19 -0.3000 0.2343 -1.9343
20 0.3000 0.2343 -1.9343
21 -0.3000 0.1072 -2.1000
22 0.3000 0.1072 -2.1000
23 -0.3000 0.0273 -2.2929
24 0.3000 0.0273 -2.2929
25 -0.3000 0.0000 -2.5000
26 0.3000 0.0000 -2.5000
27 -0.3000 0.0273 -2.7071
28 0.3000 0.0273 -2.7071
29 -0.3000 0.1072 -2.9000
30 0.3000 0.1072 -2.9000
31 -0.3000 0.2343 -3.0657
32 0.3000 0.2343 -3.0657
33 -0.3000 0.4000 -3.1928
34 0.3000 0.4000 -3.1928
35 -0.3000 0.5929 -3.2727
36 0.3000 0.5929 -3.2727
37 -0.3000 0.8000 -3.3000
38 0.3000 0.8000 -3.3000
39 -0.3000 1.0071 -3.2727
40 0.3000 1.0071 -3.2727
41 -0.3000 1.2000 -3.1928
42 0.3000 1.2000 -3.1928
43 -0.3000 1.3657 -3.0657
44 0.3000 1.3657 -3.0657
45 -0.3000 1.4928 -2.9000
46 0.3000 1.4928 -2.9000
47 -0.3000 1.5727 -2.7071
48 0.3000 1.5727 -2.7071
49 -0.3250 1.4000 -2.5000
50 0.3250 1.4000 -2.5000
51 -0.3250 1.3196 -2.2000
52 0.3250 1.3196 -2.2000
53 -0.3250 1.1000 -1.9804
54 0.3250 1.1000 -1.9804
55 -0.3250 0.8000 -1.9000
56 0.3250 0.8000 -1.9000
57 -0.3250 0.5000 -1.9804
58 0.3250 0.5000 -1.9804
59 -0.3250 0.2804 -2.2000
60 0.3250 0.2804 -2.2000
61 -0.3250 0.2000 -2.5000
62 0.3250 0.2000 -2.5000
63 -0.3250 0.2804 -2.8000
64 0.3250 0.2804 -2.8000
65 -0.3250 0.5000 -3.0196
66 0.3250 0.5000 -3.0196
67 -0.3250 0.8000 -3.1000
68 0.3250 0.8000 -3.1000
69 -0.3250 1.1000 -3.0196
70 0.3250 1.1000 -3.0196
71 -0.3250 1.3196 -2.8000
72 0.3250 1.3196 -2.8000
73 -0.2500 1.6000 2.5000
74 0.2500 1.6000 2.5000
75 -0.2500 1.5727 2.7071
76 0.2500 1.5727 2.7071
77 -0.2500 1.4928 2.9000
78 0.2500 1.4928 2.9000
79 -0.2500 1.3657 3.0657
80 0.2500 1.3657 3.0657
81 -0.2500 1.2000 3.1928
82 0.2500 1.2000 3.1928
83 -0.2500 1.0071 3.2727
84 0.2500 1.0071 3.2727
85 -0.2500 0.8000 3.3000
86 0.2500 0.8000 3.3000
87 -0.2500 0.5929 3.2727
88 0.2500 0.5929 3.2727
89 -0.2500 0.4000 3.1928
90 0.2500 0.4000 3.1928
91 -0.2500 0.2343 3.0657
92 0.2500 0.2343 3.0657
93 -0.2500 0.1072 2.9000
94 0.2500 0.1072 2.9000
95 -0.2500 0.0273 2.7071
96 0.2500 0.0273 2.7071
97 -0.2500 0.0000 2.5000
98 0.2500 0.0000 2.5000
99 -0.2500 0.0273 2.2929
100 0.2500 0.0273 2.2929
101 -0.2500 0.1072 2.1000
102 0.2500 0.1072 2.1000
103 -0.2500 0.2343 1.9343
104 0.2500 0.2343 1.9343
105 -0.2500 0.4000 1.8072
106 0.2500 0.4000 1.8072
107 -0.2500 0.5929 1.7273
108 0.2500 0.5929 1.7273
109 -0.2500 0.8000 1.7000
110 0.2500 0.8000 1.7000
111 -0.2500 1.0071 1.7273
112 0.2500 1.0071 1.7273
113 -0.2500 1.2000 1.8072
114 0.2500 1.2000 1.8072
115 -0.2500 1.3657 1.9343
116 0.2500 1.3657 1.9343
117 -0.2500 1.4928 2.1000
118 0.2500 1.4928 2.1000
119 -0.2500 1.5727 2.2929
120 0.2500 1.5727 2.2929
121 -0.2750 1.4000 2.5000
122 0.2750 1.4000 2.5000
123 -0.2750 1.3196 2.8000
124 0.2750 1.3196 2.8000
125 -0.2750 1.1000 3.0196
126 0.2750 1.1000 3.0196
127 -0.2750 0.8000 3.1000
128 0.2750 0.8000 3.1000
129 -0.2750 0.5000 3.0196
130 0.2750 0.5000 3.0196
131 -0.2750 0.2804 2.8000
132 0.2750 0.2804 2.8000
133 -0.2750 0.2000 2.5000
134 0.2750 0.2000 2.5000
135 -0.2750 0.2804 2.2000
136 0.2750 0.2804 2.2000
137 -0.2750 0.5000 1.9804
138 0.2750 0.5000 1.9804
139 -0.2750 0.8000 1.9000
140 0.2750 0.8000 1.9000
141 -0.2750 1.1000 1.9804
142 0.2750 1.1000 1.9804
143 -0.2750 1.3196 2.2000
144 0.2750 1.3196 2.2000
145 -0.2250 0.7500 2.4500
146 0.2250 0.7500 2.4500
147 0.2250 1.4500 2.4500
148 -0.2250 1.4500 2.4500
149 -0.2250 0.7500 2.5500
150 0.2250 0.7500 2.5500
151 0.2250 1.4500 2.5500
152 -0.2250 1.4500 2.5500
153 -0.2250 0.5427 2.7353
154 0.2250 0.5427 2.7353
155 0.2250 1.2427 2.7353
156 -0.2250 1.2427 2.7353
157 -0.2250 0.5427 2.8353
158 0.2250 0.5427 2.8353
159 0.2250 1.2427 2.8353
160 -0.2250 1.2427 2.8353
161 -0.2250 0.2073 2.6263
162 0.2250 0.2073 2.6263
163 0.2250 0.9073 2.6263
164 -0.2250 0.9073 2.6263
165 -0.2250 0.2073 2.7263
166 0.2250 0.2073 2.7263
167 0.2250 0.9073 2.7263
168 -0.2250 0.9073 2.7263
169 -0.2250 0.2073 2.2737
170 0.2250 0.2073 2.2737
171 0.2250 0.9073 2.2737
172 -0.2250 0.9073 2.2737
173 -0.2250 0.2073 2.3737
174 0.2250 0.2073 2.3737
175 0.2250 0.9073 2.3737
176 -0.2250 0.9073 2.3737
177 -0.2250 0.5427 2.1647
178 0.2250 0.5427 2.1647
179 0.2250 1.2427 2.1647
180 -0.2250 1.2427 2.1647
181 -0.2250 0.5427 2.2647
182 0.2250 0.5427 2.2647
183 0.2250 1.2427 2.2647
184 -0.2250 1.2427 2.2647
185 -0.2750 0.7500 -2.5500
186 0.2750 0.7500 -2.5500
187 0.2750 1.4500 -2.5500
188 -0.2750 1.4500 -2.5500
189 -0.2750 0.7500 -2.4500
190 0.2750 0.7500 -2.4500
191 0.2750 1.4500 -2.4500
192 -0.2750 1.4500 -2.4500
193 -0.2750 0.6000 -2.2902
194 0.2750 0.6000 -2.2902
195 0.2750 1.3000 -2.2902
196 -0.2750 1.3000 -2.2902
197 -0.2750 0.6000 -2.1902
198 0.2750 0.6000 -2.1902
199 0.2750 1.3000 -2.1902
200 -0.2750 1.3000 -2.1902
201 -0.2750 0.3000 -2.2902
202 0.2750 0.3000 -2.2902
203 0.2750 1.0000 -2.2902
204 -0.2750 1.0000 -2.2902
205 -0.2750 0.3000 -2.1902
206 0.2750 0.3000 -2.1902
207 0.2750 1.0000 -2.1902
208 -0.2750 1.0000 -2.1902
209 -0.2750 0.1500 -2.5500
210 0.2750 0.1500 -2.5500
211 0.2750 0.8500 -2.5500
212 -0.2750 0.8500 -2.5500
213 -0.2750 0.1500 -2.4500
214 0.2750 0.1500 -2.4500
215 0.2750 0.8500 -2.4500
216 -0.2750 0.8500 -2.4500
217 -0.2750 0.3000 -2.8098
218 0.2750 0.3000 -2.8098
219 0.2750 1.0000 -2.8098
220 -0.2750 1.0000 -2.8098
221 -0.2750 0.3000 -2.7098
222 0.2750 0.3000 -2.7098
223 0.2750 1.0000 -2.7098
224 -0.2750 1.0000 -2.7098
225 -0.2750 0.6000 -2.8098
226 0.2750 0.6000 -2.8098
227 0.2750 1.3000 -2.8098
228 -0.2750 1.3000 -2.8098
229 -0.2750 0.6000 -2.7098
230 0.2750 0.6000 -2.7098
231 0.2750 1.3000 -2.7098
232 -0.2750 1.3000 -2.7098
233 -0.3000 1.1500 -1.7500
234 0.3000 1.1500 -1.7500
235 0.3000 1.6500 -1.7500
236 -0.3000 1.6500 -1.7500
237 -0.3000 1.1500 1.7500
238 0.3000 1.1500 1.7500
239 0.3000 1.6500 1.7500
240 -0.3000 1.6500 1.7500
241 -0.2500 0.9500 -2.0000
242 0.2500 0.9500 -2.0000
243 0.2500 1.2500 -2.0000
244 -0.2500 1.2500 -2.0000
245 -0.2500 0.9500 0.0000
246 0.2500 0.9500 0.0000
247 0.2500 1.2500 0.0000
248 -0.2500 1.2500 0.0000
249 -0.2000 0.7000 0.9000
250 0.2000 0.7000 0.9000
251 0.3000 1.7000 0.5000
252 -0.3000 1.7000 0.5000
253 -0.2000 0.7000 1.5000
254 0.2000 0.7000 1.5000
255 0.3000 1.7000 1.5000
256 -0.3000 1.7000 1.5000
257 -0.4500 0.3000 -0.8000
258 0.4500 0.3000 -0.8000
259 0.4500 1.1000 -0.8000
260 -0.4500 1.1000 -0.8000
261 -0.4500 0.3000 0.8000
262 0.4500 0.3000 0.8000
263 0.4500 1.1000 0.8000
264 -0.4500 1.1000 0.8000
265 0.0000 1.0000 0.2000
266 1.0000 1.0000 0.2000
267 0.0000 0.9598 0.3500
268 1.0000 0.9598 0.3500
269 0.0000 0.8500 0.4598
270 1.0000 0.8500 0.4598
271 0.0000 0.7000 0.5000
272 1.0000 0.7000 0.5000
273 0.0000 0.5500 0.4598
274 1.0000 0.5500 0.4598
275 0.0000 0.4402 0.3500
276 1.0000 0.4402 0.3500
277 0.0000 0.4000 0.2000
278 1.0000 0.4000 0.2000
279 0.0000 0.4402 0.0500
280 1.0000 0.4402 0.0500
281 0.0000 0.5500 -0.0598
282 1.0000 0.5500 -0.0598
283 0.0000 0.7000 -0.1000
284 1.0000 0.7000 -0.1000
285 0.0000 0.8500 -0.0598
286 1.0000 0.8500 -0.0598
287 0.0000 0.9598 0.0500
288 1.0000 0.9598 0.0500
289 -1.0000 1.0000 0.2000
290 0.0000 1.0000 0.2000
291 -1.0000 0.9598 0.3500
292 0.0000 0.9598 0.3500
293 -1.0000 0.8500 0.4598
294 0.0000 0.8500 0.4598
295 -1.0000 0.7000 0.5000
296 0.0000 0.7000 0.5000
297 -1.0000 0.5500 0.4598
298 0.0000 0.5500 0.4598
299 -1.0000 0.4402 0.3500
300 0.0000 0.4402 0.3500
301 -1.0000 0.4000 0.2000
302 0.0000 0.4000 0.2000
303 -1.0000 0.4402 0.0500
304 0.0000 0.4402 0.0500
305 -1.0000 0.5500 -0.0598
306 0.0000 0.5500 -0.0598
307 -1.0000 0.7000 -0.1000
308 0.0000 0.7000 -0.1000
309 -1.0000 0.8500 -0.0598
310 0.0000 0.8500 -0.0598
311 -1.0000 0.9598 0.0500
312 0.0000 0.9598 0.0500
313 -0.3500 0.2000 -0.8000
314 0.3500 0.2000 -0.8000
315 0.3500 0.6000 -0.8000
316 -0.3500 0.6000 -0.8000
317 -0.3500 0.2000 0.4000
318 0.3500 0.2000 0.4000
319 0.3500 0.6000 0.4000
320 -0.3500 0.6000 0.4000
321 -0.4000 1.6000 -0.3000
322 0.4000 1.6000 -0.3000
323 0.3500 2.2000 -0.2500
324 -0.3500 2.2000 -0.2500
325 -0.4000 1.6000 1.5000
326 0.4000 1.6000 1.5000
327 0.3500 2.2000 1.2500
328 -0.3500 2.2000 1.2500
329 -0.3500 2.1000 -0.0500
330 0.3500 2.1000 -0.0500
331 0.2500 2.3000 0.1000
332 -0.2500 2.3000 0.1000
333 -0.3500 2.1000 1.4500
334 0.3500 2.1000 1.4500
335 0.2500 2.3000 1.1000
336 -0.2500 2.3000 1.1000
337 -0.3250 1.7000 -1.2000
338 0.3250 1.7000 -1.2000
339 0.3250 1.9000 -1.2000
340 -0.3250 1.9000 -1.2000
341 -0.3250 1.7000 0.0000
342 0.3250 1.7000 0.0000
343 0.3250 1.9000 0.0000
344 -0.3250 1.9000 0.0000
345 -0.3250 1.7000 -1.8000
346 0.3250 1.7000 -1.8000
347 0.2500 1.9000 -1.8000
348 -0.2500 1.9000 -1.8000
349 -0.3250 1.7000 -1.2000
350 0.3250 1.7000 -1.2000
351 0.2500 1.9000 -1.2000
352 -0.2500 1.9000 -1.2000
353 -0.2500 1.5500 -2.5000
354 0.2500 1.5500 -2.5000
355 0.1000 1.8500 -2.5000
356 -0.1000 1.8500 -2.5000
357 -0.2500 1.5500 -1.7000
358 0.2500 1.5500 -1.7000
359 0.1000 1.8500 -1.7000
360 -0.1000 1.8500 -1.7000
361 -0.2500 1.4500 -3.7000
362 0.2500 1.4500 -3.7000
363 0.2500 1.5500 -3.7000
364 -0.2500 1.5500 -3.7000
365 -0.2500 1.4500 -2.7000
366 0.2500 1.4500 -2.7000
367 0.2500 1.5500 -2.7000
368 -0.2500 1.5500 -2.7000
369 -0.3500 1.6500 1.8000
370 0.3500 1.6500 1.8000
371 0.3000 1.7500 1.9000
372 -0.3000 1.7500 1.9000
373 -0.3500 1.6500 2.8000
374 0.3500 1.6500 2.8000
375 0.3000 1.7500 3.1000
376 -0.3000 1.7500 3.1000
377 -0.2500 0.6000 2.3000
378 -0.2500 2.6000 2.3000
379 -0.2793 0.6000 2.3707
380 -0.2793 2.6000 2.3707
381 -0.3500 0.6000 2.4000
382 -0.3500 2.6000 2.4000
383 -0.4207 0.6000 2.3707
384 -0.4207 2.6000 2.3707
385 -0.4500 0.6000 2.3000
386 -0.4500 2.6000 2.3000
387 -0.4207 0.6000 2.2293
388 -0.4207 2.6000 2.2293
389 -0.3500 0.6000 2.2000
390 -0.3500 2.6000 2.2000
391 -0.2793 0.6000 2.2293
392 -0.2793 2.6000 2.2293
393 0.4500 0.6000 2.3000
394 0.4500 2.6000 2.3000
395 0.4207 0.6000 2.3707
396 0.4207 2.6000 2.3707
397 0.3500 0.6000 2.4000
398 0.3500 2.6000 2.4000
399 0.2793 0.6000 2.3707
400 0.2793 2.6000 2.3707
401 0.2500 0.6000 2.3000
402 0.2500 2.6000 2.3000
403 0.2793 0.6000 2.2293
404 0.2793 2.6000 2.2293
405 0.3500 0.6000 2.2000
406 0.3500 2.6000 2.2000
407 0.4207 0.6000 2.2293
408 0.4207 2.6000 2.2293
409 -0.2900 0.5000 2.4000
410 -0.2900 1.5000 2.4000
411 -0.3076 0.5000 2.4424
412 -0.3076 1.5000 2.4424
413 -0.3500 0.5000 2.4600
414 -0.3500 1.5000 2.4600
415 -0.3924 0.5000 2.4424
416 -0.3924 1.5000 2.4424
417 -0.4100 0.5000 2.4000
418 -0.4100 1.5000 2.4000
419 -0.3924 0.5000 2.3576
420 -0.3924 1.5000 2.3576
421 -0.3500 0.5000 2.3400
422 -0.3500 1.5000 2.3400
423 -0.3076 0.5000 2.3576
424 -0.3076 1.5000 2.3576
425 0.4100 0.5000 2.4000
426 0.4100 1.5000 2.4000
427 0.3924 0.5000 2.4424
428 0.3924 1.5000 2.4424
429 0.3500 0.5000 2.4600
430 0.3500 1.5000 2.4600
431 0.3076 0.5000 2.4424
432 0.3076 1.5000 2.4424
433 0.2900 0.5000 2.4000
434 0.2900 1.5000 2.4000
435 0.3076 0.5000 2.3576
436 0.3076 1.5000 2.3576
437 0.3500 0.5000 2.3400
438 0.3500 1.5000 2.3400
439 0.3924 0.5000 2.3576
440 0.3924 1.5000 2.3576
441 -0.8000 2.6600 2.0000
442 0.8000 2.6600 2.0000
443 -0.8000 2.6424 2.0424
444 0.8000 2.6424 2.0424
445 -0.8000 2.6000 2.0600
446 0.8000 2.6000 2.0600
447 -0.8000 2.5576 2.0424
448 0.8000 2.5576 2.0424
449 -0.8000 2.5400 2.0000
450 0.8000 2.5400 2.0000
451 -0.8000 2.5576 1.9576
452 0.8000 2.5576 1.9576
453 -0.8000 2.6000 1.9400
454 0.8000 2.6000 1.9400
455 -0.8000 2.6424 1.9576
456 0.8000 2.6424 1.9576
457 -0.9000 2.5250 1.9250
458 -0.7000 2.5250 1.9250
459 -0.7000 2.6750 1.9250
460 -0.9000 2.6750 1.9250
461 -0.9000 2.5250 2.0750
462 -0.7000 2.5250 2.0750
463 -0.7000 2.6750 2.0750
464 -0.9000 2.6750 2.0750
465 0.7000 2.5250 1.9250
466 0.9000 2.5250 1.9250
467 0.9000 2.6750 1.9250
468 0.7000 2.6750 1.9250
469 0.7000 2.5250 2.0750
470 0.9000 2.5250 2.0750
471 0.9000 2.6750 2.0750
472 0.7000 2.6750 2.0750
473 -0.2500 2.2500 1.7500
474 0.2500 2.2500 1.7500
475 0.3000 2.5500 1.7000
476 -0.3000 2.5500 1.7000
477 -0.2500 2.2500 2.0500
478 0.2500 2.2500 2.0500
479 0.3000 2.5500 2.1000
480 -0.3000 2.5500 2.1000
481 0.3000 2.5000 1.7500
482 0.3000 2.5000 1.8500
483 0.2866 2.5500 1.7500
484 0.2866 2.5500 1.8500
485 0.2500 2.5866 1.7500
486 0.2500 2.5866 1.8500
487 0.2000 2.6000 1.7500
488 0.2000 2.6000 1.8500
489 0.1500 2.5866 1.7500
490 0.1500 2.5866 1.8500
491 0.1134 2.5500 1.7500
492 0.1134 2.5500 1.8500
493 0.1000 2.5000 1.7500
494 0.1000 2.5000 1.8500
495 0.1134 2.4500 1.7500
496 0.1134 2.4500 1.8500
497 0.1500 2.4134 1.7500
498 0.1500 2.4134 1.8500
499 0.2000 2.4000 1.7500
500 0.2000 2.4000 1.8500
501 0.2500 2.4134 1.7500
502 0.2500 2.4134 1.8500
503 0.2866 2.4500 1.7500
504 0.2866 2.4500 1.8500
505 -0.1000 2.5000 1.7500
506 -0.1000 2.5000 1.8500
507 -0.1134 2.5500 1.7500
508 -0.1134 2.5500 1.8500
509 -0.1500 2.5866 1.7500
510 -0.1500 2.5866 1.8500
511 -0.2000 2.6000 1.7500
512 -0.2000 2.6000 1.8500
513 -0.2500 2.5866 1.7500
514 -0.2500 2.5866 1.8500
515 -0.2866 2.5500 1.7500
516 -0.2866 2.5500 1.8500
517 -0.3000 2.5000 1.7500
518 -0.3000 2.5000 1.8500
519 -0.2866 2.4500 1.7500
520 -0.2866 2.4500 1.8500
521 -0.2500 2.4134 1.7500
522 -0.2500 2.4134 1.8500
523 -0.2000 2.4000 1.7500
524 -0.2000 2.4000 1.8500
525 -0.1500 2.4134 1.7500
526 -0.1500 2.4134 1.8500
527 -0.1134 2.4500 1.7500
528 -0.1134 2.4500 1.8500
529 0.3000 2.0000 2.6500
530 0.3000 2.0000 2.9500
531 0.2772 2.1148 2.6500
532 0.2772 2.1148 2.9500
533 0.2121 2.2121 2.6500
534 0.2121 2.2121 2.9500
535 0.1148 2.2772 2.6500
536 0.1148 2.2772 2.9500
537 0.0000 2.3000 2.6500
538 0.0000 2.3000 2.9500
539 -0.1148 2.2772 2.6500
540 -0.1148 2.2772 2.9500
541 -0.2121 2.2121 2.6500
542 -0.2121 2.2121 2.9500
543 -0.2772 2.1148 2.6500
544 -0.2772 2.1148 2.9500
545 -0.3000 2.0000 2.6500
546 -0.3000 2.0000 2.9500
547 -0.2772 1.8852 2.6500
548 -0.2772 1.8852 2.9500
549 -0.2121 1.7879 2.6500
550 -0.2121 1.7879 2.9500
551 -0.1148 1.7228 2.6500
552 -0.1148 1.7228 2.9500
553 -0.0000 1.7000 2.6500
554 -0.0000 1.7000 2.9500
555 0.1148 1.7228 2.6500
556 0.1148 1.7228 2.9500
557 0.2121 1.7879 2.6500
558 0.2121 1.7879 2.9500
559 0.2772 1.8852 2.6500
560 0.2772 1.8852 2.9500
561 -0.3500 1.9000 2.3500
562 0.3500 1.9000 2.3500
563 0.2500 2.5000 2.5500
564 -0.2500 2.5000 2.5500
565 -0.3500 1.9000 2.8500
566 0.3500 1.9000 2.8500
567 0.2500 2.5000 3.0500
568 -0.2500 2.5000 3.0500
569 -0.2500 2.5000 2.2500
570 0.2500 2.5000 2.2500
571 0.2000 3.1000 2.1500
572 -0.2000 3.1000 2.1500
573 -0.2500 2.5000 2.5500
574 0.2500 2.5000 2.5500
575 0.2000 3.1000 2.2500
576 -0.2000 3.1000 2.2500
577 0.7200 0.5000 -1.9000
578 0.7200 0.5000 -0.1000
579 0.6849 0.5849 -1.9000
580 0.6849 0.5849 -0.1000
581 0.6000 0.6200 -1.9000
582 0.6000 0.6200 -0.1000
583 0.5151 0.5849 -1.9000
584 0.5151 0.5849 -0.1000
585 0.4800 0.5000 -1.9000
586 0.4800 0.5000 -0.1000
587 0.5151 0.4151 -1.9000
588 0.5151 0.4151 -0.1000
589 0.6000 0.3800 -1.9000
590 0.6000 0.3800 -0.1000
591 0.6849 0.4151 -1.9000
592 0.6849 0.4151 -0.1000
593 -0.4800 0.5000 -1.9000
594 -0.4800 0.5000 -0.1000
595 -0.5151 0.5849 -1.9000
596 -0.5151 0.5849 -0.1000
597 -0.6000 0.6200 -1.9000
598 -0.6000 0.6200 -0.1000
599 -0.6849 0.5849 -1.9000
600 -0.6849 0.5849 -0.1000
601 -0.7200 0.5000 -1.9000
602 -0.7200 0.5000 -0.1000
603 -0.6849 0.4151 -1.9000
604 -0.6849 0.4151 -0.1000
605 -0.6000 0.3800 -1.9000
606 -0.6000 0.3800 -0.1000
607 -0.5151 0.4151 -1.9000
608 -0.5151 0.4151 -0.1000
609 0.7800 0.6000 -2.7000
610 0.7800 0.6000 -1.7000
611 0.7456 0.7058 -2.7000
612 0.7456 0.7058 -1.7000
613 0.6556 0.7712 -2.7000
614 0.6556 0.7712 -1.7000
615 0.5444 0.7712 -2.7000
616 0.5444 0.7712 -1.7000
617 0.4544 0.7058 -2.7000
618 0.4544 0.7058 -1.7000
619 0.4200 0.6000 -2.7000
620 0.4200 0.6000 -1.7000
621 0.4544 0.4942 -2.7000
622 0.4544 0.4942 -1.7000
623 0.5444 0.4288 -2.7000
624 0.5444 0.4288 -1.7000
625 0.6556 0.4288 -2.7000
626 0.6556 0.4288 -1.7000
627 0.7456 0.4942 -2.7000
628 0.7456 0.4942 -1.7000
629 -0.4200 0.6000 -2.7000
630 -0.4200 0.6000 -1.7000
631 -0.4544 0.7058 -2.7000
632 -0.4544 0.7058 -1.7000
633 -0.5444 0.7712 -2.7000
634 -0.5444 0.7712 -1.7000
635 -0.6556 0.7712 -2.7000
636 -0.6556 0.7712 -1.7000
637 -0.7456 0.7058 -2.7000
638 -0.7456 0.7058 -1.7000
639 -0.7800 0.6000 -2.7000
640 -0.7800 0.6000 -1.7000
641 -0.7456 0.4942 -2.7000
642 -0.7456 0.4942 -1.7000
643 -0.6556 0.4288 -2.7000
644 -0.6556 0.4288 -1.7000
645 -0.5444 0.4288 -2.7000
646 -0.5444 0.4288 -1.7000
647 -0.4544 0.4942 -2.7000
648 -0.4544 0.4942 -1.7000
649 0.4000 0.8800 0.0000
650 0.8000 0.8800 0.0000
651 0.4000 0.8566 0.0566
652 0.8000 0.8566 0.0566
653 0.4000 0.8000 0.0800
654 0.8000 0.8000 0.0800
655 0.4000 0.7434 0.0566
656 0.8000 0.7434 0.0566
657 0.4000 0.7200 0.0000
658 0.8000 0.7200 0.0000
659 0.4000 0.7434 -0.0566
660 0.8000 0.7434 -0.0566
661 0.4000 0.8000 -0.0800
662 0.8000 0.8000 -0.0800
663 0.4000 0.8566 -0.0566
664 0.8000 0.8566 -0.0566
665 -0.8000 0.8800 0.0000
666 -0.4000 0.8800 0.0000
667 -0.8000 0.8566 0.0566
668 -0.4000 0.8566 0.0566
669 -0.8000 0.8000 0.0800
670 -0.4000 0.8000 0.0800
671 -0.8000 0.7434 0.0566
672 -0.4000 0.7434 0.0566
673 -0.8000 0.7200 0.0000
674 -0.4000 0.7200 0.0000
675 -0.8000 0.7434 -0.0566
676 -0.4000 0.7434 -0.0566
677 -0.8000 0.8000 -0.0800
678 -0.4000 0.8000 -0.0800
679 -0.8000 0.8566 -0.0566
680 -0.4000 0.8566 -0.0566
Faces:
1 2 4 3.
3 4 6 5.
5 6 8 7.
7 8 10 9.
9 10 12 11.
11 12 14 13.
13 14 16 15.
15 16 18 17.
17 18 20 19.
19 20 22 21.
21 22 24 23.
23 24 26 25.
25 26 28 27.
27 28 30 29.
29 30 32 31.
31 32 34 33.
33 34 36 35.
35 36 38 37.
37 38 40 39.
39 40 42 41.
41 42 44 43.
43 44 46 45.
45 46 48 47.
47 48 2 1.
47 45 43 41 39 37 35 33 31 29 27 25 23 21 19 17 15 13 11 9 7 5 3 1.
2 4 6 8 10 12 14 16 18 20 22 24 26 28 30 32 34 36 38 40 42 44 46 48.
49 50 52 51.
51 52 54 53.
53 54 56 55.
55 56 58 57.
57 58 60 59.
59 60 62 61.
61 62 64 63.
63 64 66 65.
65 66 68 67.
67 68 70 69.
69 70 72 71.
71 72 50 49.
71 69 67 65 63 61 59 57 55 53 51 49.
50 52 54 56 58 60 62 64 66 68 70 72.
73 74 76 75.
75 76 78 77.
77 78 80 79.
79 80 82 81.
81 82 84 83.
83 84 86 85.
85 86 88 87.
87 88 90 89.
89 90 92 91.
91 92 94 93.
93 94 96 95.
95 96 98 97.
97 98 100 99.
99 100 102 101.
101 102 104 103.
103 104 106 105.
105 106 108 107.
107 108 110 109.
109 110 112 111.
111 112 114 113.
113 114 116 115.
115 116 118 117.
117 118 120 119.
119 120 74 73.
119 117 115 113 111 109 107 105 103 101 99 97 95 93 91 89 87 85 83 81 79 77 75 73.
74 76 78 80 82 84 86 88 90 92 94 96 98 100 102 104 106 108 110 112 114 116 118 120.
121 122 124 123.
123 124 126 125.
125 126 128 127.
127 128 130 129.
129 130 132 131.
131 132 134 133.
133 134 136 135.
135 136 138 137.
137 138 140 139.
139 140 142 141.
141 142 144 143.
143 144 122 121.
143 141 139 137 135 133 131 129 127 125 123 121.
122 124 126 128 130 132 134 136 138 140 142 144.
145 148 147 146.
149 150 151 152.
145 146 150 149.
148 152 151 147.
145 149 152 148.
146 147 151 150.
153 156 155 154.
157 158 159 160.
153 154 158 157.
156 160 159 155.
153 157 160 156.
154 155 159 158.
161 164 163 162.
165 166 167 168.
161 162 166 165.
164 168 167 163.
161 165 168 164.
162 163 167 166.
169 172 171 170.
173 174 175 176.
169 170 174 173.
172 176 175 171.
169 173 176 172.
170 171 175 174.
177 180 179 178.
181 182 183 184.
177 178 182 181.
180 184 183 179.
177 181 184 180.
178 179 183 182.
185 188 187 186.
189 190 191 192.
185 186 190 189.
188 192 191 187.
185 189 192 188.
186 187 191 190.
193 196 195 194.
197 198 199 200.
193 194 198 197.
196 200 199 195.
193 197 200 196.
194 195 199 198.
201 204 203 202.
205 206 207 208.
201 202 206 205.
204 208 207 203.
201 205 208 204.
202 203 207 206.
209 212 211 210.
213 214 215 216.
209 210 214 213.
212 216 215 211.
209 213 216 212.
210 211 215 214.
217 220 219 218.
221 222 223 224.
217 218 222 221.
220 224 223 219.
217 221 224 220.
218 219 223 222.
225 228 227 226.
229 230 231 232.
225 226 230 229.
228 232 231 227.
225 229 232 228.
226 227 231 230.
233 236 235 234.
237 238 239 240.
233 234 238 237.
236 240 239 235.
233 237 240 236.
234 235 239 238.
241 244 243 242.
245 246 247 248.
241 242 246 245.
244 248 247 243.
241 245 248 244.
242 243 247 246.
249 252 251 250.
253 254 255 256.
249 250 254 253.
252 256 255 251.
249 253 256 252.
250 251 255 254.
257 260 259 258.
261 262 263 264.
257 258 262 261.
260 264 263 259.
257 261 264 260.
258 259 263 262.
265 266 268 267.
267 268 270 269.
269 270 272 271.
271 272 274 273.
273 274 276 275.
275 276 278 277.
277 278 280 279.
279 280 282 281.
281 282 284 283.
283 284 286 285.
285 286 288 287.
287 288 266 265.
287 285 283 281 279 277 275 273 271 269 267 265.
266 268 270 272 274 276 278 280 282 284 286 288.
289 290 292 291.
291 292 294 293.
293 294 296 295.
295 296 298 297.
297 298 300 299.
299 300 302 301.
301 302 304 303.
303 304 306 305.
305 306 308 307.
307 308 310 309.
309 310 312 311.
311 312 290 289.
311 309 307 305 303 301 299 297 295 293 291 289.
290 292 294 296 298 300 302 304 306 308 310 312.
313 316 315 314.
317 318 319 320.
313 314 318 317.
316 320 319 315.
313 317 320 316.
314 315 319 318.
321 324 323 322.
325 326 327 328.
321 322 326 325.
324 328 327 323.
321 325 328 324.
322 323 327 326.
329 332 331 330.
333 334 335 336.
329 330 334 333.
332 336 335 331.
329 333 336 332.
330 331 335 334.
337 340 339 338.
341 342 343 344.
337 338 342 341.
340 344 343 339.
337 341 344 340.
338 339 343 342.
345 348 347 346.
349 350 351 352.
345 346 350 349.
348 352 351 347.
345 349 352 348.
346 347 351 350.
353 356 355 354.
357 358 359 360.
353 354 358 357.
356 360 359 355.
353 357 360 356.
354 355 359 358.
361 364 363 362.
365 366 367 368.
361 362 366 365.
364 368 367 363.
361 365 368 364.
362 363 367 366.
369 372 371 370.
373 374 375 376.
369 370 374 373.
372 376 375 371.
369 373 376 372.
370 371 375 374.
377 378 380 379.
379 380 382 381.
381 382 384 383.
383 384 386 385.
385 386 388 387.
387 388 390 389.
389 390 392 391.
391 392 378 377.
391 389 387 385 383 381 379 377.
378 380 382 384 386 388 390 392.
393 394 396 395.
395 396 398 397.
397 398 400 399.
399 400 402 401.
401 402 404 403.
403 404 406 405.
405 406 408 407.
407 408 394 393.
407 405 403 401 399 397 395 393.
394 396 398 400 402 404 406 408.
409 410 412 411.
411 412 414 413.
413 414 416 415.
415 416 418 417.
417 418 420 419.
419 420 422 421.
421 422 424 423.
423 424 410 409.
423 421 419 417 415 413 411 409.
410 412 414 416 418 420 422 424.
425 426 428 427.
427 428 430 429.
429 430 432 431.
431 432 434 433.
433 434 436 435.
435 436 438 437.
437 438 440 439.
439 440 426 425.
439 437 435 433 431 429 427 425.
426 428 430 432 434 436 438 440.
441 442 444 443.
443 444 446 445.
445 446 448 447.
447 448 450 449.
449 450 452 451.
451 452 454 453.
453 454 456 455.
455 456 442 441.
455 453 451 449 447 445 443 441.
442 444 446 448 450 452 454 456.
457 460 459 458.
461 462 463 464.
457 458 462 461.
460 464 463 459.
457 461 464 460.
458 459 463 462.
465 468 467 466.
469 470 471 472.
465 466 470 469.
468 472 471 467.
465 469 472 468.
466 467 471 470.
473 476 475 474.
477 478 479 480.
473 474 478 477.
476 480 479 475.
473 477 480 476.
474 475 479 478.
481 482 484 483.
483 484 486 485.
485 486 488 487.
487 488 490 489.
489 490 492 491.
491 492 494 493.
493 494 496 495.
495 496 498 497.
497 498 500 499.
499 500 502 501.
501 502 504 503.
503 504 482 481.
503 501 499 497 495 493 491 489 487 485 483 481.
482 484 486 488 490 492 494 496 498 500 502 504.
505 506 508 507.
507 508 510 509.
509 510 512 511.
511 512 514 513.
513 514 516 515.
515 516 518 517.
517 518 520 519.
519 520 522 521.
521 522 524 523.
523 524 526 525.
525 526 528 527.
527 528 506 505.
527 525 523 521 519 517 515 513 511 509 507 505.
506 508 510 512 514 516 518 520 522 524 526 528.
529 530 532 531.
531 532 534 533.
533 534 536 535.
535 536 538 537.
537 538 540 539.
539 540 542 541.
541 542 544 543.
543 544 546 545.
545 546 548 547.
547 548 550 549.
549 550 552 551.
551 552 554 553.
553 554 556 555.
555 556 558 557.
557 558 560 559.
559 560 530 529.
559 557 555 553 551 549 547 545 543 541 539 537 535 533 531 529.
530 532 534 536 538 540 542 544 546 548 550 552 554 556 558 560.
561 564 563 562.
565 566 567 568.
561 562 566 565.
564 568 567 563.
561 565 568 564.
562 563 567 566.
569 572 571 570.
573 574 575 576.
569 570 574 573.
572 576 575 571.
569 573 576 572.
570 571 575 574.
577 578 580 579.
579 580 582 581.
581 582 584 583.
583 584 586 585.
585 586 588 587.
587 588 590 589.
589 590 592 591.
591 592 578 577.
591 589 587 585 583 581 579 577.
578 580 582 584 586 588 590 592.
593 594 596 595.
595 596 598 597.
597 598 600 599.
599 600 602 601.
601 602 604 603.
603 604 606 605.
605 606 608 607.
607 608 594 593.
607 605 603 601 599 597 595 593.
594 596 598 600 602 604 606 608.
609 610 612 611.
611 612 614 613.
613 614 616 615.
615 616 618 617.
617 618 620 619.
619 620 622 621.
621 622 624 623.
623 624 626 625.
625 626 628 627.
627 628 610 609.
627 625 623 621 619 617 615 613 611 609.
610 612 614 616 618 620 622 624 626 628.
629 630 632 631.
631 632 634 633.
633 634 636 635.
635 636 638 637.
637 638 640 639.
639 640 642 641.
641 642 644 643.
643 644 646 645.
645 646 648 647.
647 648 630 629.
647 645 643 641 639 637 635 633 631 629.
630 632 634 636 638 640 642 644 646 648.
649 650 652 651.
651 652 654 653.
653 654 656 655.
655 656 658 657.
657 658 660 659.
659 660 662 661.
661 662 664 663.
663 664 650 649.
663 661 659 657 655 653 651 649.
650 652 654 656 658 660 662 664.
665 666 668 667.
667 668 670 669.
669 670 672 671.
671 672 674 673.
673 674 676 675.
675 676 678 677.
677 678 680 679.
679 680 666 665.
679 677 675 673 671 669 667 665.
666 668 670 672 674 676 678 680.
