1 -1.10 -5.00 -0.30
2 -0.50 -5.00 -0.30
3 -0.50 -1.00 -0.30
4 -1.10 -1.00 -0.30
5 -1.10 -5.00 0.30
6 -0.50 -5.00 0.30
7 -0.50 -1.00 0.30
8 -1.10 -1.00 0.30
9 -0.90 -1.10 -0.30
10 0.90 -1.10 -0.30
11 0.90 0.10 -0.30
12 -0.90 0.10 -0.30
13 -0.90 -1.10 0.00
14 0.90 -1.10 0.00
15 0.90 0.10 0.00
16 -0.90 0.10 0.00
17 0.25 0.25 -0.25
18 0.75 0.25 -0.25
19 0.75 2.75 -0.25
20 0.25 2.75 -0.25
21 0.25 0.25 0.25
22 0.75 0.25 0.25
23 0.75 2.75 0.25
24 0.25 2.75 0.25
25 0.20 2.70 -0.25
26 0.40 2.70 -0.25
27 0.40 3.70 -0.25
28 0.20 3.70 -0.25
29 0.20 2.70 0.25
30 0.40 2.70 0.25
31 0.40 3.70 0.25
32 0.20 3.70 0.25
Faces:
1 2 3 4 .
5 8 7 6 .
1 5 6 2 .
4 3 7 8 .
1 4 8 5 .
2 6 7 3 .
9 10 11 12 .
13 16 15 14 .
9 13 14 10 .
12 11 15 16 .
9 12 16 13 .
10 14 15 11 .
17 18 19 20 .
21 24 23 22 .
17 21 22 18 .
20 19 23 24 .
17 20 24 21 .
18 22 23 19 .
25 26 27 28 .
29 32 31 30 .
25 29 30 26 .
28 27 31 32 .
25 28 32 29 .
26 30 31 27 .
