1 0.50 -5.00 -0.10
2 1.10 -5.00 -0.10
3 1.10 -1.00 -0.10
4 0.50 -1.00 -0.10
5 0.50 -5.00 0.50
6 1.10 -5.00 0.50
7 1.10 -1.00 0.50
8 0.50 -1.00 0.50
9 -0.90 -1.10 0.00
10 0.90 -1.10 0.00
11 0.90 0.10 0.00
12 -0.90 0.10 0.00
13 -0.90 -1.10 0.40
14 0.90 -1.10 0.40
15 0.90 0.10 0.40
16 -0.90 0.10 0.40
17 -0.75 0.25 -0.05
18 -0.25 0.25 -0.05
19 -0.25 2.75 -0.05
20 -0.75 2.75 -0.05
21 -0.75 0.25 0.45
22 -0.25 0.25 0.45
23 -0.25 2.75 0.45
24 -0.75 2.75 0.45
25 -0.40 2.70 -0.05
26 -0.20 2.70 -0.05
27 -0.20 3.70 -0.05
28 -0.40 3.70 -0.05
29 -0.40 2.70 0.45
30 -0.20 2.70 0.45
31 -0.20 3.70 0.45
32 -0.40 3.70 0.45
Faces:
1 2 3 4 .
5 8 7 6 .
1 5 6 2 .
4 3 7 8 .
1 4 8 5 .
2 6 7 3 .
9 10 11 12 .
13 16 15 14 .
9 13 14 10 .
12 11 15 16 .
9 12 16 13 .
10 14 15 11 .
17 18 19 20 .
21 24 23 22 .
17 21 22 18 .
20 19 23 24 .
17 20 24 21 .
18 22 23 19 .
25 26 27 28 .
29 32 31 30 .
25 29 30 26 .
28 27 31 32 .
25 28 32 29 .
26 30 31 27 .
