1 -1.00 0.00 -1.00
2 1.00 0.00 -1.00
3 1.00 0.00 1.00
4 -1.00 0.00 1.00
5 -1.00 0.20 -1.00
6 1.00 0.20 -1.00
7 1.00 0.20 1.00
8 -1.00 0.20 1.00
9 -1.00 -1.50 0.80
10 -0.80 -1.50 0.80
11 -0.80 -1.50 1.00
12 -1.00 -1.50 1.00
13 -1.00 0.00 0.80
14 -0.80 0.00 0.80
15 -0.80 0.00 1.00
16 -1.00 0.00 1.00
17 0.80 -1.50 0.80
18 1.00 -1.50 0.80
19 1.00 -1.50 1.00
20 0.80 -1.50 1.00
21 0.80 0.00 0.80
22 1.00 0.00 0.80
23 1.00 0.00 1.00
24 0.80 0.00 1.00
25 -1.00 -1.50 -1.00
26 -0.80 -1.50 -1.00
27 -0.80 -1.50 -0.80
28 -1.00 -1.50 -0.80
29 -1.00 0.00 -1.00
30 -0.80 0.00 -1.00
31 -0.80 0.00 -0.80
32 -1.00 0.00 -0.80
33 0.80 -1.50 -1.00
34 1.00 -1.50 -1.00
35 1.00 -1.50 -0.80
36 0.80 -1.50 -0.80
37 0.80 0.00 -1.00
38 1.00 0.00 -1.00
39 1.00 0.00 -0.80
40 0.80 0.00 -0.80
41 -1.00 0.20 -1.00
42 -0.80 0.20 -1.00
43 -0.80 0.20 -0.80
44 -1.00 0.20 -0.80
45 -1.00 1.80 -1.00
46 -0.80 1.80 -1.00
47 -0.80 1.80 -0.80
48 -1.00 1.80 -0.80
49 0.80 0.20 -1.00
50 1.00 0.20 -1.00
51 1.00 0.20 -0.80
52 0.80 0.20 -0.80
53 0.80 1.80 -1.00
54 1.00 1.80 -1.00
55 1.00 1.80 -0.80
56 0.80 1.80 -0.80
57 -1.00 1.50 -1.00
58 1.00 1.50 -1.00
59 1.00 1.50 -0.80
60 -1.00 1.50 -0.80
61 -1.00 1.80 -1.00
62 1.00 1.80 -1.00
63 1.00 1.80 -0.80
64 -1.00 1.80 -0.80
65 -0.80 0.80 -0.90
66 0.80 0.80 -0.90
67 0.80 0.80 -0.80
68 -0.80 0.80 -0.80
69 -0.80 1.10 -0.90
70 0.80 1.10 -0.90
71 0.80 1.10 -0.80
72 -0.80 1.10 -0.80
Faces:
4 3 2 1.
5 6 7 8.
1 2 6 5.
2 3 7 6.
3 4 8 7.
4 1 5 8.
12 11 10 9.
13 14 15 16.
9 10 14 13.
10 11 15 14.
11 12 16 15.
12 9 13 16.
20 19 18 17.
21 22 23 24.
17 18 22 21.
18 19 23 22.
19 20 24 23.
20 17 21 24.
28 27 26 25.
29 30 31 32.
25 26 30 29.
26 27 31 30.
27 28 32 31.
28 25 29 32.
36 35 34 33.
37 38 39 40.
33 34 38 37.
34 35 39 38.
35 36 40 39.
36 33 37 40.
44 43 42 41.
45 46 47 48.
41 42 46 45.
42 43 47 46.
43 44 48 47.
44 41 45 48.
52 51 50 49.
53 54 55 56.
49 50 54 53.
50 51 55 54.
51 52 56 55.
52 49 53 56.
60 59 58 57.
61 62 63 64.
57 58 62 61.
58 59 63 62.
59 60 64 63.
60 57 61 64.
68 67 66 65.
69 70 71 72.
65 66 70 69.
66 67 71 70.
67 68 72 71.
68 65 69 72.